Route,From,To,Trip_no
Hippeastrum_Three_hundred_and_sixty-nine,Forestgreen-Iota,nowhere,203000
Nigella_Three_hundred_and_thirty-six,Green-Zeta,Palegoldenrod-Omega,269017
Heather_Three_hundred_and_eighty-four,Sandybrown-Tau,Darkslategray-Upsilon,65048
Banksia_One_hundred_and_seventy-five,Aqua-Iota,nowhere,602000
Stephanotis_One_hundred_and_twenty-six,Forestgreen-Upsilon,Green-Rho,19051
Stenamezon_Two_hundred_and_forty,Palevioletred-Phi,Orange-Upsilon,159017
Scabiosa_One_hundred_and_seven,Rebeccapurple-Epsilon,Lightskyblue-Omega,132053
Carnation_Two_hundred_and_twenty-four,Seagreen-Upsilon,nowhere,466000
Nigella_One_hundred_and_seventy-one,Darkviolet-Iota,Whitesmoke-Psi,5051
Tulipa_Sixty-eight,Beige-Lamda,nowhere,187000
Wattle_Four_hundred_and_seventy,Seashell-Mu,Orange-Theta,221100
Love-lies-bleeding_Three_hundred_and_thirty-two,Aquamarine-Eta,Lavenderblush-Phi,454053
Cordyline_One_hundred_and_seventy-five,Mistyrose-Rho,nowhere,7000
Rose_Two_hundred_and_fifty-eight,Orangered-Sigma,Lightblue-Zeta,378016
Acacia_Ten,Aliceblue-Kappa,nowhere,199000
Phalaenopsis_Fifty-four,Silver-Sigma,Moccasin-Kappa,156177
Ornithogalum_Fifty-five,Tomato-Kappa,Salmon-Eta,377016
Jonquil_Two_hundred_and_sixty-three,Rebeccapurple-Xi,Darkslateblue-Rho,22017
Lily_Three_hundred_and_ninety-one,Lightgreen-Rho,Lightsalmon-Epsilon,99051
Tulipa_Four_hundred_and_twenty-one,Gold-Gamma,nowhere,624000
Saxicola_One_hundred_and_ten,Darkcyan-Sigma,Azure-Pi,222051
Chrysanthemum_Four_hundred_and_sixty-five,Orangered-Beta,Teal-Beta,31051
Phalaenopsis_Fifty-four,Magenta-Pi,Orange-Psi,156162
Speedwell_Four_hundred_and_ninety-four,Saddlebrown-Chi,nowhere,521000
Love-lies-bleeding_Four_hundred_and_sixty-four,Mistyrose-Eta,Mediumaquamarine-Delta,25017
Sunflower_Three_hundred_and_eighteen,Royalblue-Epsilon,Blanchedalmond-Beta,56052
Wattle_Four_hundred_and_seventy,Orange-Theta,Royalblue-Gamma,221102
Lisianthus_Four_hundred_and_ninety-nine,Darksalmon-Beta,Red-Lamda,126164
Amaryllis_Four_hundred_and_eighty-two,Bisque-Mu,nowhere,386000
Larkspur_Forty-nine,Papayawhip-Psi,nowhere,569000
Bellflower_Two_hundred_and_eighty-four,Honeydew-Pi,Teal-Beta,171053
Rose_Twenty-three,Goldenrod-Sigma,Darkkhaki-Zeta,297051
Wattle_Fifty-eight,Deeppink-Psi,nowhere,61000
Amaryllis_Two_hundred_and_seventeen,Bisque-Sigma,Darkmagenta-Eta,372017
Tracelium_Four_hundred_and_sixty-five,Blue-Alpha,Royalblue-Chi,489052
Nephrolepis_Four_hundred_and_seventy-eight,Purple-Eta,nowhere,631000
Waxflower_Two_hundred_and_twenty-five,Mediumvioletred-Upsilon,Springgreen-Kappa,408051
Anigozanthus_One_hundred_and_sixty-one,Mediumvioletred-Xi,White-Nu,249050
Zinna_One_hundred_and_ninety-five,Blueviolet-Pi,Slategrey-Upsilon,461016
Lily_One_hundred_and_fourteen,Peru-Mu,nowhere,272000
Cymbidium_Four_hundred_and_sixty-two,Darkgoldenrod-Chi,Aqua-Omega,48053
Myrsine_One_hundred_and_twenty-six,Slategrey-Xi,Mediumorchid-Omega,145053
Wattle_Four_hundred_and_seventy,Seashell-Mu,Palegoldenrod-Gamma,221101
Narcissus_Forty-five,Darkseagreen-Nu,Lightyellow-Psi,206096
Bellflower_One_hundred_and_sixty-two,Green-Mu,Red-Phi,89048
Speedwell_Twenty-five,Cornflowerblue-Delta,nowhere,86000
Astilbe_Three_hundred_and_thirty,Lightgrey-Theta,nowhere,337000
Pitt_One_hundred_and_two,Wheat-Beta,Darkcyan-Sigma,49050
Ginger_Four_hundred_and_forty-four,Mediumblue-Omicron,nowhere,261000
Myrsine_Two_hundred,Mediumorchid-Epsilon,Wheat-Rho,362107
Cosmos_Three_hundred_and_sixty-one,Coral-Chi,Orange-Chi,538050
Cosmos_Ninety-six,Lightcoral-Mu,nowhere,483000
Caspia_Three_hundred_and_seventy,Mediumturquoise-Epsilon,Sandybrown-Xi,185048
Anemone_Two_hundred_and_fifty-one,Blanchedalmond-Beta,nowhere,192000
Anthurium_Three_hundred_and_eighteen,Mediumvioletred-Upsilon,Navy-Rho,33016
Phalaenopsis_Fifty-four,Silver-Sigma,Magenta-Pi,156176
Gladiolus_Three_hundred_and_seventeen,Gainsboro-Omega,Greenyellow-Epsilon,28016
Hippeastrum_Eighty-five,Moccasin-Tau,nowhere,486000
Farewell-To-Spring_Four_hundred_and_eight,Powderblue-Lamda,White-Iota,385052
Anemone_Two_hundred_and_nine,Linen-Nu,Ghostwhite-Zeta,256053
Ginger_One_hundred_and_thirty-two,Lightpink-Upsilon,White-Psi,37162
Anigozanthus_One_hundred_and_sixty-one,Mediumorchid-Alpha,White-Nu,249052
Ginger_One_hundred_and_thirty-two,Black-Iota,Lightpink-Upsilon,37168
Cymbidium_One_hundred_and_ninety-four,Rosybrown-Eta,Wheat-Omega,95052
Achillea_Three_hundred_and_sixty-four,Yellow-Rho,nowhere,469000
Narcissus_Three_hundred_and_twenty-five,Honeydew-Omicron,Darkorchid-Alpha,212048
Jonquil_Fifty,Lightgrey-Lamda,Palegoldenrod-Eta,375053
Gardenia_Two_hundred_and_thirty-one,Purple-Nu,Darkviolet-Phi,211016
Drumstick_Four_hundred_and_eighty-five,Mediumspringgreen-Iota,Cornflowerblue-Lamda,398016
Iris_Three_hundred_and_ninety-five,Cyan-Pi,Slateblue-Chi,209053
Caspia_Three_hundred_and_seventy,Sandybrown-Xi,Mediumturquoise-Epsilon,185050
Daffodil_Thirty-eight,Slategray-Sigma,Grey-Zeta,311049
Lavender_Four_hundred_and_sixty-one,Mediumpurple-Kappa,nowhere,23000
Daffodil_Thirty-eight,Darkcyan-Iota,Grey-Zeta,311051
Broom_Three_hundred_and_sixty-nine,Darkseagreen-Mu,Seashell-Psi,106098
Saponaria_Two_hundred_and_eight,Khaki-Tau,Whitesmoke-Alpha,316017
Nigella_Seventy-nine,Palegreen-Zeta,nowhere,115000
Phalaenopsis_Fifty-four,Darkgoldenrod-Chi,Orange-Psi,156170
Cosmos_Seven,Ghostwhite-Omega,Cyan-Psi,374102
Gyp_Four_hundred_and_two,Deeppink-Rho,nowhere,294000
Pitt_One_hundred_and_two,Mediumslateblue-Delta,Darkcyan-Sigma,49052
Stephanotis_One_hundred_and_twenty-six,Green-Rho,Forestgreen-Upsilon,19053
Farewell-To-Spring_Three_hundred_and_ninety-one,Bisque-Sigma,Darkmagenta-Rho,51016
Gerbera_Sixty-six,Seashell-Zeta,Burlywood-Epsilon,20161
Adam's-needle_Three_hundred_and_eighty-one,Red-Lamda,nowhere,307000
Craspedia_Four_hundred_and_forty-four,Beige-Nu,nowhere,515000
Wolfsbane_Three_hundred_and_eleven,Fuchsia-Lamda,Thistle-Beta,437048
Banksia_Three_hundred_and_ninety-six,Papayawhip-Psi,nowhere,632000
Candytuft_Two_hundred_and_ninety-five,Darkturquoise-Beta,nowhere,383000
Sansevieria_Three_hundred_and_seventy-four,Green-Nu,Deepskyblue-Sigma,188048
Stephanotis_One_hundred_and_twenty-six,Forestgreen-Upsilon,Honeydew-Delta,19050
Astilbe_Twenty-two,Darkmagenta-Upsilon,Snow-Omicron,612016
Anconitum_One_hundred_and_seventy-five,Peru-Eta,nowhere,266000
Tulip_Three_hundred_and_sixty-four,Darkslateblue-Pi,nowhere,502000
Stock_One_hundred_and_twelve,Blanchedalmond-Epsilon,Blanchedalmond-Beta,67052
Cornflower_Ninety-one,Dimgray-Alpha,Saddlebrown-Gamma,73017
Cordyline_Three_hundred_and_seventy-eight,Midnightblue-Omicron,nowhere,473000
Narcissus_Three_hundred_and_seventy-nine,Antiquewhite-Epsilon,Ivory-Gamma,259053
Scabiosa_Two,Burlywood-Beta,Darkorange-Eta,75017
Solidago_Three_hundred_and_thirty,Bisque-Upsilon,Linen-Nu,594017
Enthusiasm_Three_hundred_and_fifteen,Lightslategray-Gamma,Rosybrown-Kappa,388017
Monkshood_Three_hundred_and_eighty-one,Blue-Zeta,nowhere,338000
Waxflower_Two_hundred_and_fifty-three,Steelblue-Rho,nowhere,228000
Pittosporum_Three_hundred_and_twenty-eight,Antiquewhite-Mu,Cyan-Upsilon,427051
Daffodil_Two_hundred_and_fifty-nine,Lightsalmon-Iota,Ghostwhite-Omega,403052
Cosmos_Three_hundred_and_sixty-one,Orange-Chi,Coral-Chi,538048
Rattlesnake_Three_hundred_and_ninety-seven,Midnightblue-Rho,nowhere,328000
Ginger_One_hundred_and_thirty-two,Floralwhite-Theta,White-Psi,37166
Lisianthus_Four_hundred_and_ninety-nine,Red-Lamda,Crimson-Zeta,126163
Lisianthus_Four_hundred_and_ninety-nine,Lightsteelblue-Theta,Darksalmon-Beta,126173
Nerine_Three_hundred_and_sixty-eight,Sandybrown-Phi,Darkviolet-Gamma,348053
Narcissus_Three_hundred_and_twenty-five,Mediumblue-Upsilon,Darkorchid-Alpha,212053
Chrysanthemum_Four_hundred_and_sixty-five,Teal-Beta,Midnightblue-Epsilon,31052
Chrysanthemum_Three_hundred,Blue-Alpha,Darkturquoise-Theta,333052
Tracelium_Thirty-six,Linen-Mu,White-Upsilon,330016
Nerine_Thirty-four,Chartreuse-Beta,Darkolivegreen-Rho,287016
Wolfsbane_Two_hundred_and_thirty-four,Silver-Sigma,Greenyellow-Theta,153049
Montbretia_Two_hundred_and_sixty-eight,Indianred-Mu,Silver-Zeta,384016
Anconitum_Four_hundred_and_thirty-nine,Lightsalmon-Beta,nowhere,108000
Heather_Four_hundred_and_two,Gold-Upsilon,Honeydew-Delta,476017
Lisianthus_Three_hundred_and_forty-four,Gainsboro-Nu,Paleturquoise-Lamda,370049
Gardenia_Four_hundred_and_sixty-one,Royalblue-Gamma,Steelblue-Kappa,233049
Rattlesnake_Twenty-three,Skyblue-Pi,Lightsteelblue-Phi,174016
Montbretia_Two_hundred_and_five,Silver-Lamda,Salmon-Eta,455053
Salix_Sixty-five,Beige-Omega,nowhere,492000
Phalaenopsis_Three_hundred_and_twenty,Mediumorchid-Zeta,Gainsboro-Alpha,218017
Paeonia_Three_hundred_and_thirty-three,Gainsboro-Omega,Indigo-Zeta,92051
Anthurium_Two_hundred_and_thirty,Darkgreen-Epsilon,nowhere,629000
Narcissus_Zero,Seashell-Nu,nowhere,467000
Wattle_Three_hundred_and_ninety-two,Lightgrey-Gamma,Powderblue-Kappa,219097
Melaleuca_Three_hundred_and_seventeen,Sandybrown-Eta,Snow-Chi,41049
Stock_One_hundred_and_twelve,Darkolivegreen-Xi,Blanchedalmond-Beta,67050
Limonium_One_hundred_and_eighty-one,Dodgerblue-Tau,Royalblue-Tau,3099
Carthamus_Three_hundred_and_two,Seashell-Mu,nowhere,507000
Nerine_Three_hundred_and_sixty-eight,Darkviolet-Gamma,Sandybrown-Phi,348051
Tailflowers_Four_hundred_and_sixty-one,Seagreen-Tau,Ghostwhite-Tau,576016
Sansevieria_Thirty-two,Azure-Tau,nowhere,327000
Stephanotis_Forty-three,Dimgrey-Psi,nowhere,139000
Wattle_Three_hundred_and_ninety-two,Lightgrey-Gamma,Aquamarine-Delta,219096
Craspedia_One_hundred_and_twelve,Sienna-Iota,Aquamarine-Iota,15103
Nephrolepis_Ninety-eight,Tomato-Beta,Red-Pi,205048
Broom_Three_hundred_and_sixty-nine,Lightpink-Psi,Seashell-Psi,106101
Myrsine_One_hundred_and_seventy,Magenta-Phi,nowhere,539000
Lavender_Three_hundred_and_forty-nine,Orange-Omicron,Goldenrod-Omicron,4017
Celosia_Two_hundred_and_one,Ivory-Tau,nowhere,468000
Gyp_Two_hundred_and_ninety-four,Thistle-Eta,Darkmagenta-Xi,6103
Gardenia_Four_hundred_and_twenty-seven,Green-Zeta,nowhere,303000
Veronica_Three_hundred_and_ninety-seven,Skyblue-Zeta,Chartreuse-Beta,446017
Wattle_Fifty-six,Indigo-Alpha,Silver-Lamda,456016
Lisianthus_Three_hundred_and_forty-four,Paleturquoise-Lamda,Deeppink-Tau,370053
Craspedia_One_hundred_and_twelve,Aquamarine-Iota,Sienna-Iota,15100
Lilac_Two_hundred_and_five,Darkgrey-Alpha,nowhere,404000
Candytuft_Four_hundred_and_ninety-five,Grey-Mu,Salmon-Eta,58052
Myrsine_Two_hundred,Moccasin-Eta,Magenta-Beta,362096
Anthurium_Three_hundred_and_eighteen,Navy-Rho,Mediumvioletred-Upsilon,33017
Bellflower_One_hundred_and_sixty-two,Mediumorchid-Gamma,Red-Phi,89053
Astilbe_Two_hundred_and_seventy-two,Cornsilk-Pi,nowhere,359000
Narcissus_Forty-five,Darkseagreen-Nu,Seashell-Psi,206098
Schinus_Eight,Wheat-Omega,Darkseagreen-Tau,361016
Ranunculus_One_hundred_and_seventy-one,Sandybrown-Tau,Olive-Chi,497052
Amaryllis_Ninety-three,Darkseagreen-Theta,nowhere,13000
Mimosa_Three_hundred_and_twenty-one,Darkcyan-Omicron,Darkolivegreen-Omega,214049
Gardenia_Two_hundred_and_thirty-one,Darkviolet-Phi,Purple-Nu,211017
Montbretia_Two_hundred_and_five,Darkturquoise-Beta,Silver-Lamda,455049
Zinna_Two_hundred_and_four,Mediumblue-Tau,nowhere,570000
Stephanotis_Ninety-seven,Springgreen-Kappa,Lightgray-Delta,449017
Farewell-To-Spring_Four_hundred_and_eight,White-Iota,Cadetblue-Omega,385048
Phalaenopsis_Fifty-four,Moccasin-Kappa,Silver-Sigma,156167
Freesia_Four_hundred_and_eighty-six,White-Pi,Gainsboro-Nu,418048
Gladiolus_Thirty-one,Powderblue-Tau,nowhere,82000
Cymbidium_One_hundred_and_ninety-four,Wheat-Omega,Rosybrown-Eta,95049
Lavender_Twenty-seven,Gray-Lamda,Darkmagenta-Omicron,46016
Gyp_Two_hundred_and_ninety-four,Thistle-Eta,Maroon-Tau,6102
Achillea_Eighty-two,Gainsboro-Alpha,Greenyellow-Upsilon,158050
Knapweed_One_hundred_and_twenty-six,Turquoise-Mu,nowhere,130000
Tuberose_Three_hundred_and_thirty-eight,Lightseagreen-Pi,nowhere,72000
Daffodil_Four_hundred_and_forty-seven,Darkturquoise-Mu,Powderblue-Sigma,369016
Lisianthus_Three_hundred_and_forty-four,Paleturquoise-Lamda,Gainsboro-Nu,370052
Throatwort_Three_hundred_and_thirty-four,Mintcream-Beta,Darkgrey-Eta,509017
Tailflowers_Ninety-six,Steelblue-Kappa,Gainsboro-Gamma,55051
Chrysanthemum_Three_hundred,Darkturquoise-Theta,Lightgoldenrodyellow-Zeta,333048
Achillea_Four_hundred_and_sixty-seven,Lightblue-Zeta,Salmon-Tau,281017
Lisianthus_Three_hundred_and_ninety,Lightcoral-Mu,nowhere,217000
Gerbera_Sixty-six,Burlywood-Epsilon,Seashell-Zeta,20168
Heath_Four_hundred_and_seventy-seven,Yellowgreen-Omega,Darkgray-Phi,474017
Bellflower_One_hundred_and_sixty-two,Red-Phi,Mediumorchid-Gamma,89051
Sansevieria_Three_hundred_and_seventy-four,Ghostwhite-Omicron,Deepskyblue-Sigma,188053
Buddleia_Three_hundred_and_sixteen,Wheat-Sigma,nowhere,154000
Peony_Three_hundred_and_eighty-four,Red-Gamma,nowhere,532000
Gyp_Two_hundred_and_ninety-four,Maroon-Tau,White-Sigma,6098
Achillea_Eighty-two,Mediumturquoise-Mu,Gainsboro-Alpha,158053
Love-lies-bleeding_One_hundred_and_ninety-three,Dodgerblue-Sigma,Mistyrose-Rho,382017
Stock_One_hundred_and_twelve,Blanchedalmond-Beta,Darkolivegreen-Xi,67048
Ginger_Forty-seven,Lemonchiffon-Chi,Burlywood-Omicron,329053
Montbretia_Fifty-seven,Crimson-Chi,nowhere,621000
Tracelium_Thirty-nine,White-Pi,Indigo-Phi,395017
Gyp_Two_hundred_and_ninety-four,Thistle-Eta,White-Sigma,6104
Larkspur_Two_hundred_and_forty-eight,Rebeccapurple-Upsilon,nowhere,559000
Windflower_One_hundred_and_one,Gold-Chi,Lightcoral-Upsilon,520016
Montbretia_Two_hundred_and_five,Salmon-Eta,Silver-Lamda,455051
Salix_Forty,Olive-Xi,Rosybrown-Alpha,53048
Stock_Four_hundred_and_eighty-eight,Mediumturquoise-Rho,Lightsteelblue-Omega,173016
Aster_Four_hundred_and_thirty-four,Dimgray-Pi,nowhere,151000
Nigella_One_hundred_and_seventy-one,Azure-Beta,Whitesmoke-Psi,5049
Lisianthus_Forty-two,Navy-Sigma,Orangered-Epsilon,109048
Tracelium_Thirty-nine,Indigo-Phi,White-Pi,395016
Throatwort_One_hundred_and_twenty-six,Lightgrey-Epsilon,nowhere,407000
Gyp_Two_hundred_and_ninety-eight,Purple-Chi,Powderblue-Gamma,180017
Phalaenopsis_Fifty-four,Moccasin-Kappa,Darkgoldenrod-Chi,156165
Stephanotis_Two_hundred_and_seventeen,Mediumblue-Tau,nowhere,500000
Anigozanthus_Four_hundred_and_seventy-three,Darkgoldenrod-Lamda,Royalblue-Chi,435016
Alstroemeria_Seventy-three,Mediumblue-Phi,nowhere,442000
Gerbera_Twelve,Yellow-Eta,nowhere,360000
Gyp_Two_hundred_and_ninety-four,Darkmagenta-Xi,White-Sigma,6101
Tuberose_Four_hundred_and_one,Royalblue-Delta,nowhere,564000
Montbretia_Eight,Forestgreen-Upsilon,nowhere,462000
Wolfsbane_Nine,Mintcream-Tau,nowhere,9000
Freesia_One_hundred_and_thirty-four,Black-Sigma,nowhere,609000
Nigella_Four_hundred_and_seventy-eight,Darkturquoise-Theta,Darkblue-Kappa,248017
Throatwort_Three_hundred_and_five,Orange-Zeta,nowhere,452000
Dendrobium_Three_hundred_and_eighty-eight,Salmon-Iota,nowhere,537000
Phalaenopsis_Eighty-five,Cyan-Mu,Mediumslateblue-Phi,52049
Stock_One_hundred_and_twelve,Blanchedalmond-Epsilon,Darkolivegreen-Xi,67053
Phalaenopsis_Four_hundred_and_forty,Midnightblue-Omega,nowhere,415000
Phlox_Two_hundred_and_eighty-one,Rebeccapurple-Sigma,Lavender-Upsilon,244016
Phalaenopsis_Fifty-four,Silver-Sigma,Darkgoldenrod-Chi,156178
Ornithogalum_One_hundred_and_sixty-five,Lightseagreen-Delta,Mistyrose-Rho,69049
Strawflower_Two_hundred_and_forty-five,Mediumvioletred-Epsilon,Darkseagreen-Mu,234017
Cymbidium_One_hundred_and_twenty-two,Darkslateblue-Iota,Dimgray-Xi,137048
Anigozanthus_Four_hundred_and_seventy-three,Royalblue-Chi,Darkgoldenrod-Lamda,435017
Jonquil_Fifty,Gold-Delta,Palegoldenrod-Eta,375048
Asparagus_Four_hundred,Khaki-Epsilon,Darkgoldenrod-Gamma,190016
Anemone_Twenty-nine,Grey-Omicron,nowhere,267000
Enthusiasm_Forty-two,Aliceblue-Delta,Magenta-Pi,399017
Anthurium_Three_hundred_and_thirty-three,Midnightblue-Rho,Yellowgreen-Alpha,26016
Gardenia_Four_hundred_and_sixty-one,Green-Tau,Steelblue-Kappa,233051
Chamelaucium_One_hundred_and_eighty-six,Darkred-Phi,Darkolivegreen-Rho,43016
Astilbe_Four_hundred_and_fifty-five,Lime-Omega,nowhere,614000
Ginger_One_hundred_and_thirty-two,Fuchsia-Gamma,White-Psi,37179
Wattle_Two_hundred_and_fifty-eight,Salmon-Eta,nowhere,240000
Tracelium_Four_hundred_and_sixty-five,Blue-Alpha,Paleturquoise-Eta,489053
Scabiosa_Two,Darkorange-Eta,Burlywood-Beta,75016
Ginger_Forty-seven,Burlywood-Omicron,Maroon-Phi,329050
Ranunculus_One_hundred_and_seventy-one,Burlywood-Omicron,Sandybrown-Tau,497051
Gerbera_Sixty-six,Bisque-Mu,Seashell-Zeta,20164
Rose_Two_hundred_and_thirteen,Darkorange-Pi,nowhere,150000
Heather_Three_hundred_and_eighty-four,Darkslategray-Upsilon,Sandybrown-Tau,65050
Ornithogalum_One_hundred_and_sixty-five,Lightseagreen-Delta,Tan-Chi,69048
Wolfsbane_Two_hundred_and_thirty-four,Mediumaquamarine-Beta,Greenyellow-Theta,153051
Lisianthus_Two_hundred_and_thirty-six,Burlywood-Zeta,Sandybrown-Eta,321050
Lavender_One_hundred_and_twenty-two,Mediumslateblue-Omega,nowhere,579000
Wattle_One_hundred_and_forty-one,Lightslategray-Gamma,nowhere,524000
Pittosporum_One_hundred_and_eleven,Slateblue-Omicron,Palegreen-Zeta,176016
Farewell-To-Spring_Three_hundred_and_ninety-one,Darkmagenta-Rho,Bisque-Sigma,51017
Narcissus_Three_hundred_and_twenty-three,Deeppink-Rho,nowhere,358000
Wattle_One_hundred_and_ninety-four,Teal-Chi,nowhere,411000
Asparagus_One_hundred_and_sixty-nine,Aqua-Zeta,Darkturquoise-Beta,231017
Wattle_Four_hundred_and_seventy,Royalblue-Gamma,Palegoldenrod-Gamma,221098
Rose_Three_hundred_and_fifty-seven,Honeydew-Omicron,nowhere,312000
Phlox_Forty-eight,Saddlebrown-Upsilon,nowhere,94000
Schinus_Three_hundred_and_three,Darksalmon-Nu,Darkblue-Mu,587016
Waxflower_Two_hundred_and_twenty-five,Springgreen-Kappa,Mediumvioletred-Upsilon,408053
Farewell-To-Spring_Four_hundred_and_eight,White-Iota,Powderblue-Lamda,385049
Lisianthus_Four_hundred_and_ninety-nine,Lightsteelblue-Theta,Crimson-Zeta,126175
Pitt_Four_hundred_and_fifty-six,Darkkhaki-Phi,Mediumblue-Omicron,201017
Campanula_Sixty-one,Midnightblue-Upsilon,Red-Lamda,394017
Myrtus_Two_hundred_and_ninety-five,Ghostwhite-Zeta,nowhere,560000
Asparagus_Four_hundred,Darkgoldenrod-Gamma,Khaki-Epsilon,190017
Paeonia_Three_hundred_and_thirty-three,Midnightblue-Rho,Indigo-Zeta,92049
Lavender_Four_hundred_and_eighty-four,Magenta-Gamma,nowhere,583000
Convallaria_Four_hundred_and_forty-four,Cornsilk-Epsilon,nowhere,430000
Statice_One_hundred_and_fifty-nine,Yellowgreen-Theta,nowhere,332000
Stock_One_hundred_and_sixty,Darkblue-Gamma,nowhere,84000
Carnation_Sixty-seven,Lightcoral-Pi,Seashell-Nu,24016
Nigella_One_hundred_and_seventy-one,Whitesmoke-Psi,Azure-Beta,5052
Myrtle_One_hundred_and_seventy-three,Lightgray-Delta,nowhere,64000
Narcissus_Forty-five,Darkorange-Pi,Seashell-Psi,206104
Myrsine_One_hundred_and_twenty-six,Mediumorchid-Omega,Slategrey-Xi,145051
Freesia_One_hundred_and_forty-nine,Indianred-Gamma,nowhere,238000
Tracelium_Four_hundred_and_two,Lightsteelblue-Lamda,nowhere,390000
Campanula_One_hundred_and_ninety-eight,Antiquewhite-Nu,nowhere,496000
Lisianthus_Four_hundred_and_ninety-nine,Oldlace-Omicron,Crimson-Zeta,126171
Zinna_Four_hundred_and_ninety-four,Hotpink-Zeta,Lightgreen-Rho,91017
Rose_Fifty-one,Sienna-Xi,nowhere,512000
Achillea_Eighty-two,Mediumturquoise-Mu,Greenyellow-Upsilon,158052
Cymbidium_Four_hundred_and_sixty-two,Mediumvioletred-Eta,Aqua-Omega,48048
Chrysanthemum_Three_hundred,Lightgoldenrodyellow-Zeta,Blue-Alpha,333051
Celosia_Four_hundred_and_ninety-five,Darkorange-Lamda,Blanchedalmond-Epsilon,626017
Limonium_One_hundred_and_eighty-one,Mediumorchid-Alpha,Dodgerblue-Tau,3103
Ginger_Two_hundred_and_sixteen,Mediumvioletred-Upsilon,Darkviolet-Sigma,389016
Lily_Four_hundred_and_thirty-eight,Aquamarine-Omicron,nowhere,593000
Saponaria_Two_hundred_and_eight,Whitesmoke-Alpha,Khaki-Tau,316016
Nephrolepis_Ninety-eight,Red-Pi,Floralwhite-Omega,205051
Ginger_One_hundred_and_thirty-two,White-Psi,Lightpink-Upsilon,37172
Broom_Three_hundred_and_sixty-nine,Seashell-Psi,Darkseagreen-Mu,106105
Salix_Forty,Lightsalmon-Zeta,Rosybrown-Alpha,53053
Phalaenopsis_Fifty-four,Darkgoldenrod-Chi,Moccasin-Kappa,156169
Statice_Two_hundred_and_thirty-two,Darkorange-Lamda,Hotpink-Pi,101017
Pitt_Two,Orange-Delta,nowhere,226000
Pitt_One_hundred_and_two,Darkcyan-Sigma,Wheat-Beta,49048
Zantedeschia_One_hundred_and_ninety-six,Darkred-Mu,Aquamarine-Rho,581017
Wattle_Four_hundred_and_seventy,Orange-Theta,Seashell-Mu,221103
Daffodil_Two_hundred_and_fifty-nine,Ghostwhite-Omega,Lightsalmon-Iota,403049
Ginger_One_hundred_and_thirty-two,Floralwhite-Theta,Black-Iota,37165
Iris_Three_hundred_and_ninety-five,Cornsilk-Omega,Cyan-Pi,209049
Phalaenopsis_Fifty-four,Magenta-Pi,Silver-Sigma,156163
Wattle_Three_hundred_and_ninety-two,Lightgrey-Gamma,Khaki-Chi,219098
Gerbera_Sixty-six,Burlywood-Epsilon,Ghostwhite-Omicron,20171
Monkshood_Two_hundred_and_twenty-nine,Red-Gamma,Aliceblue-Iota,459016
Rose_Two_hundred_and_fifty-eight,Lightblue-Zeta,Orangered-Sigma,378017
Ornithogalum_One_hundred_and_sixty-five,Mistyrose-Rho,Lightseagreen-Delta,69052
Memosa_Four_hundred_and_thirty-nine,Lawngreen-Psi,Aquamarine-Iota,366053
Campanula_Sixty-one,Red-Lamda,Midnightblue-Upsilon,394016
Cosmos_Seven,Cyan-Psi,Ghostwhite-Omega,374097
Wolfsbane_One_hundred_and_twenty-nine,Darkred-Nu,nowhere,439000
Bouvardia_One_hundred_and_twenty-seven,Turquoise-Mu,Aquamarine-Psi,280053
Liatris_Four_hundred_and_forty-two,Red-Lamda,nowhere,457000
Myrsine_Two_hundred,Mediumorchid-Epsilon,Magenta-Beta,362106
Myrtle_Forty,Snow-Omicron,Brown-Nu,70017
Daffodil_Four_hundred_and_forty-seven,Powderblue-Sigma,Darkturquoise-Mu,369017
Pitt_One_hundred_and_seventy-four,Rebeccapurple-Psi,Darkmagenta-Rho,413017
Cosmos_Three_hundred_and_sixty-one,Coral-Chi,Darksalmon-Zeta,538051
Cymbidium_One_hundred_and_ninety-two,Mediumturquoise-Rho,Ivory-Gamma,376016
Cymbidium_Four_hundred_and_sixty-two,Mediumvioletred-Eta,Darkgoldenrod-Chi,48049
Cymbidium_One_hundred_and_twenty-two,Dimgray-Phi,Darkslateblue-Iota,137052
Love-lies-bleeding_Three_hundred_and_thirty-two,Orangered-Chi,Aquamarine-Eta,454049
Lavender_One_hundred_and_fifty-nine,Magenta-Theta,Honeydew-Pi,170016
Larkspur_Fifty,Mediumaquamarine-Theta,nowhere,603000
Stephanotis_One_hundred_and_twenty-six,Honeydew-Delta,Forestgreen-Upsilon,19048
Nephrolepis_Three_hundred_and_seventy-three,Darkslategrey-Mu,nowhere,253000
Ageratum_One_hundred_and_forty-eight,Tomato-Pi,nowhere,590000
Pitt_Two_hundred_and_sixty-three,Cadetblue-Delta,nowhere,426000
Broom_Four_hundred_and_ninety,Green-Zeta,Deepskyblue-Beta,11016
Porium_Fifty-two,Mistyrose-Omega,nowhere,615000
Pittosporum_One_hundred_and_eleven,Palegreen-Zeta,Slateblue-Omicron,176017
Myrsine_Two_hundred_and_eighty,Darkturquoise-Beta,Salmon-Iota,184048
Ornithogalum_Fifty-five,Salmon-Eta,Tomato-Kappa,377017
Rose_Four_hundred_and_seven,Mediumslateblue-Tau,nowhere,227000
Daffodil_Two_hundred_and_fifty-nine,Lightsalmon-Iota,Whitesmoke-Pi,403053
Amaryllis_Two_hundred_and_seventeen,Darkmagenta-Eta,Bisque-Sigma,372016
Phalaenopsis_Three_hundred_and_fifty-two,Tomato-Kappa,Turquoise-Beta,495053
Rattlesnake_Twenty-three,Lightsteelblue-Phi,Skyblue-Pi,174017
Anigozanthus_One_hundred_and_sixty-one,Mediumorchid-Alpha,Mediumvioletred-Xi,249053
Sansevieria_Three_hundred_and_seventy-four,Deepskyblue-Sigma,Ghostwhite-Omicron,188051
Scabiosa_Two_hundred_and_forty-one,Crimson-Chi,Firebrick-Psi,181017
Paeonia_Two_hundred_and_thirty-one,Brown-Nu,Darksalmon-Beta,83053
Asparagus_One_hundred_and_sixty-nine,Darkturquoise-Beta,Aqua-Zeta,231016
Lilly-of-the-Valley_Sixty-four,Rosybrown-Sigma,Antiquewhite-Alpha,118016
Daffodil_Two_hundred_and_fifty-nine,Whitesmoke-Pi,Lightsalmon-Iota,403051
Gladiolus_Three_hundred_and_seventeen,Greenyellow-Epsilon,Gainsboro-Omega,28017
Narcissus_Four_hundred_and_eighteen,Lightgray-Iota,Snow-Chi,429017
Bupleurum_Two_hundred_and_sixty-six,Forestgreen-Alpha,Darkturquoise-Theta,135017
Sunflower_One_hundred_and_thirty-four,Mediumorchid-Omicron,Gold-Gamma,66051
Carnation_Sixty-seven,Seashell-Nu,Lightcoral-Pi,24017
Myrtus_Four_hundred_and_eighty-six,Lightcyan-Upsilon,nowhere,625000
Ornithogalum_Two_hundred_and_one,Ghostwhite-Omega,nowhere,460000
Paeonia_Three_hundred_and_thirty-three,Gainsboro-Omega,Midnightblue-Rho,92050
Gyp_Two_hundred_and_ninety-eight,Powderblue-Gamma,Purple-Chi,180016
Ornithogalum_Three_hundred_and_twenty-seven,Midnightblue-Upsilon,nowhere,517000
Sansevieria_Two_hundred_and_sixty-six,Plum-Xi,nowhere,598000
Love-lies-bleeding_One_hundred_and_ninety-three,Mistyrose-Rho,Dodgerblue-Sigma,382016
Phalaenopsis_Fifty-four,Orange-Psi,Darkgoldenrod-Chi,156174
Candytuft_Twenty-nine,Darkslategray-Xi,Cyan-Zeta,334016
Melaleuca_Seventy-eight,Lightgoldenrodyellow-Zeta,nowhere,133000
Buddleia_One_hundred_and_ninety-eight,Lightsteelblue-Tau,Snow-Omicron,179016
Iris_One_hundred_and_twenty-seven,Aliceblue-Kappa,Palevioletred-Omicron,223053
Limonium_One_hundred_and_twenty-three,Dimgrey-Pi,Navy-Lamda,125052
Godetia_Sixty-nine,Darkseagreen-Theta,nowhere,540000
Philodendron_Two_hundred_and_thirty-three,Greenyellow-Nu,Crimson-Psi,16
Salix_Forty,Olive-Xi,Lightsalmon-Zeta,53049
Broom_Three_hundred_and_sixty-nine,Darkgrey-Xi,Lightpink-Psi,106103
Enthusiasm_Three_hundred_and_fifteen,Rosybrown-Kappa,Lightslategray-Gamma,388016
Larkspur_Three_hundred_and_six,Navajowhite-Zeta,Darksalmon-Nu,32017
Myrtus_Three_hundred_and_sixteen,Khaki-Tau,nowhere,523000
Bellflower_Two_hundred_and_eighty-four,Teal-Beta,Gold-Gamma,171050
Feverfew_Eight,Red-Tau,nowhere,224000
Craspedia_One_hundred_and_eighty,Linen-Omicron,Darkorange-Theta,351049
Gerbera_Three_hundred_and_thirty-five,Darkgoldenrod-Theta,Yellowgreen-Xi,421016
Dendrobium_Eighty-three,Darkslategray-Upsilon,Green-Mu,522016
Jonquil_Three_hundred_and_fifty-nine,Gainsboro-Gamma,Slategray-Kappa,353017
Peony_Twenty-one,Snow-Zeta,nowhere,292000
Wattle_Three_hundred_and_ninety-two,Khaki-Chi,Lightgrey-Gamma,219105
Cosmos_Seven,Oldlace-Omicron,Cyan-Psi,374105
Nephrolepis_Ninety-eight,Red-Pi,Tomato-Beta,205050
Heather_Two_hundred_and_thirty,Darkolivegreen-Rho,Darkcyan-Lamda,260050
Cosmos_Seven,Oldlace-Omicron,Powderblue-Lamda,374106
Drumstick_Three_hundred_and_ninety-five,Mediumorchid-Omicron,nowhere,531000
Wattle_Two_hundred_and_ninety-eight,Burlywood-Theta,Lightgray-Iota,283016
Phlox_One_hundred_and_sixty-nine,Ivory-Zeta,nowhere,36000
Cosmos_One,Pink-Psi,Springgreen-Omicron,87016
Lavandula_One_hundred_and_ninety-one,Darkslategray-Xi,Darkmagenta-Omicron,34016
Lisianthus_Four_hundred_and_ninety-nine,Oldlace-Omicron,Red-Lamda,126168
Ranunculus_One_hundred_and_seventy-one,Olive-Chi,Sandybrown-Tau,497049
Anigozanthus_Three_hundred_and_nine,Maroon-Lamda,Mistyrose-Eta,172016
Schinus_One_hundred_and_thirty-eight,Darkgrey-Eta,nowhere,557000
Lavender_Seventy-nine,Antiquewhite-Xi,nowhere,324000
Daffodil_Two_hundred_and_fifty-nine,Ghostwhite-Omega,Whitesmoke-Pi,403048
Heather_Sixty-four,Crimson-Iota,Darkviolet-Tau,391016
Lily_Three_hundred_and_ninety-one,Lightsalmon-Epsilon,Peru-Zeta,99052
Gerbera_Sixty-six,Ghostwhite-Omicron,Seashell-Zeta,20176
Wolfsbane_Three_hundred_and_eleven,Thistle-Beta,Lightcoral-Pi,437051
Ginger_One_hundred_and_thirty-two,Lightpink-Upsilon,Floralwhite-Theta,37160
Stenamezon_Two_hundred_and_ninety-two,Powderblue-Phi,nowhere,410000
Narcissus_Three_hundred_and_seventy-nine,Ivory-Gamma,Plum-Omicron,259050
Ginger_One_hundred_and_thirty-two,Fuchsia-Gamma,Lightpink-Upsilon,37176
Campanula_Two_hundred_and_twelve,Oldlace-Phi,Rebeccapurple-Sigma,299051
Gladiolus_Two_hundred_and_fifteen,Fuchsia-Gamma,Orangered-Chi,401017
Philodendron_Two_hundred_and_eighty-six,Plum-Kappa,Gold-Theta,27017
Veronica_Eighty-four,Magenta-Theta,nowhere,250000
Peony_Four_hundred_and_fifty-nine,Peachpuff-Lamda,nowhere,220000
Chamelaucium_Two_hundred_and_sixty,Azure-Beta,nowhere,282000
Nerine_Three_hundred_and_sixty-eight,Antiquewhite-Omicron,Darkviolet-Gamma,348048
Stock_Four_hundred_and_seventy-seven,Mediumorchid-Zeta,nowhere,356000
Lilac_Three_hundred_and_fifty-three,Darkolivegreen-Xi,nowhere,322000
Cosmos_Three_hundred_and_sixty-one,Orange-Chi,Darksalmon-Zeta,538049
Godetia_Two_hundred_and_eighty-four,Gainsboro-Gamma,Maroon-Theta,393016
Porium_Thirty-one,Yellowgreen-Eta,nowhere,270000
Zantedeschia_Two_hundred_and_fifty-nine,Peru-Rho,Slategray-Sigma,96053
Phalaenopsis_Three_hundred_and_fifty-two,Mintcream-Alpha,Turquoise-Beta,495048
Phalaenopsis_Fifty-four,Darkgoldenrod-Chi,Magenta-Pi,156168
Porium_Four_hundred_and_six,Aquamarine-Rho,nowhere,428000
Waxflower_Two_hundred_and_eighty-six,Darkcyan-Sigma,Royalblue-Gamma,387017
Saxicola_One_hundred_and_eighty-seven,Mediumvioletred-Chi,nowhere,364000
Lavandula_Three_hundred_and_fifty-four,Thistle-Epsilon,Palevioletred-Iota,213016
Bupleurum_One_hundred_and_fourteen,Lightcyan-Sigma,nowhere,304000
Cordyline_Thirty-one,Orange-Xi,nowhere,530000
Freesia_Eighty-four,Gainsboro-Gamma,nowhere,302000
Phalaenopsis_Two_hundred_and_fifty-six,Lightslategray-Psi,Darkgreen-Epsilon,484017
Stock_One_hundred_and_seventy-six,Plum-Omega,nowhere,255000
Iris_One_hundred_and_forty-nine,Powderblue-Lamda,Slategrey-Tau,363053
Love-lies-bleeding_Three_hundred_and_thirty-three,Khaki-Kappa,nowhere,627000
Gerbera_Three_hundred_and_thirty-five,Yellowgreen-Xi,Darkgoldenrod-Theta,421017
Anemone_Two_hundred_and_nine,Ghostwhite-Zeta,Linen-Nu,256051
Cornflower_Ninety-one,Saddlebrown-Gamma,Dimgray-Alpha,73016
Godetia_Two_hundred_and_eighty-six,Maroon-Tau,Cadetblue-Sigma,54016
Iris_One_hundred_and_forty-nine,Slategrey-Tau,Powderblue-Lamda,363051
Wattle_Three_hundred_and_sixty-two,Darkblue-Pi,Greenyellow-Rho,465016
Craspedia_One_hundred_and_eighty,Darkorange-Theta,Navajowhite-Rho,351053
Phalaenopsis_Fifty-four,Moccasin-Kappa,Orange-Psi,156166
Candytuft_Four_hundred_and_ninety-five,Grey-Mu,Mediumpurple-Iota,58053
Scabiosa_One_hundred_and_seven,Lightskyblue-Omega,Rebeccapurple-Epsilon,132051
Philodendron_Two_hundred_and_thirty-three,Crimson-Psi,Greenyellow-Nu,17
Tailflowers_Two_hundred_and_forty-three,Black-Iota,Burlywood-Beta,236017
Zinna_Four_hundred_and_ninety-four,Lightgreen-Rho,Hotpink-Zeta,91016
Peony_One_hundred_and_ninety-nine,Saddlebrown-Lamda,Antiquewhite-Omicron,541017
Caspia_Sixty,Olive-Delta,nowhere,77000
Gyp_Two_hundred_and_ninety-four,White-Sigma,Darkmagenta-Xi,6106
Gladiolus_Three_hundred_and_fifty-nine,Aquamarine-Eta,nowhere,589000
Anemone_Two_hundred_and_nine,Pink-Gamma,Linen-Nu,256049
Wattle_Two_hundred_and_thirteen,Dimgray-Xi,nowhere,252000
Ginger_One_hundred_and_thirty-two,Black-Iota,Floralwhite-Theta,37169
Alstroemeria_One_hundred_and_seventy-five,Oldlace-Omicron,nowhere,567000
Hydrangea_Three_hundred_and_eighty-four,Slategray-Kappa,nowhere,120000
Wolfsbane_Eight,Tan-Gamma,nowhere,104000
Bellflower_Two_hundred_and_thirty,Lavender-Upsilon,nowhere,588000
Gyp_Two_hundred_and_ninety-four,Maroon-Tau,Thistle-Eta,6097
Pittosporum_Thirty-nine,Lightslategray-Iota,Ghostwhite-Nu,39016
Wolfsbane_Three_hundred_and_sixteen,Mediumaquamarine-Beta,Salmon-Iota,257017
Myrtle_Three_hundred_and_nine,Yellow-Rho,nowhere,488000
Iris_One_hundred_and_forty-nine,Goldenrod-Lamda,Powderblue-Lamda,363049
Memosa_Four_hundred_and_thirty-nine,Cornsilk-Pi,Lawngreen-Psi,366049
Heather_Three_hundred_and_eighty-four,Ivory-Xi,Sandybrown-Tau,65052
Sunflower_Four_hundred_and_twenty,Papayawhip-Sigma,nowhere,216000
Jonquil_Two_hundred_and_sixty-three,Darkslateblue-Rho,Rebeccapurple-Xi,22016
Candytuft_Sixty-seven,Lemonchiffon-Psi,Snow-Gamma,93017
Tracelium_Four_hundred_and_sixty-five,Paleturquoise-Eta,Royalblue-Chi,489050
Nerine_Sixty-one,Maroon-Xi,nowhere,38000
Waxflower_Two_hundred_and_twenty-five,Springgreen-Kappa,Springgreen-Lamda,408052
Wattle_Three_hundred_and_ninety-two,Aquamarine-Delta,Powderblue-Kappa,219100
Liatris_Three_hundred_and_forty-eight,Mistyrose-Theta,nowhere,436000
Paeonia_Six,Lemonchiffon-Delta,nowhere,278000
Mimosa_Three_hundred_and_twenty-one,Darkolivegreen-Omega,Honeydew-Beta,214053
Wolfsbane_Three_hundred_and_eleven,Fuchsia-Lamda,Lightcoral-Pi,437049
Zantedeschia_Two_hundred_and_fifty-nine,Slategray-Sigma,Peru-Rho,96051
Anconitum_Two_hundred_and_three,Darkslategrey-Kappa,nowhere,516000
Speedwell_Twelve,Darksalmon-Zeta,Mediumaquamarine-Upsilon,90017
Banksia_One_hundred_and_nineteen,Darkmagenta-Tau,nowhere,580000
Chamelaucium_Three_hundred_and_seventy-three,Forestgreen-Iota,nowhere,194000
Phalaenopsis_Eighty-five,Grey-Omega,Mediumslateblue-Phi,52051
Snapdragon_Two_hundred_and_fifty-nine,Darksalmon-Zeta,nowhere,210000
Schinus_Eight,Darkseagreen-Tau,Wheat-Omega,361017
Knapweed_Fifty-one,Orange-Upsilon,nowhere,553000
Larkspur_One_hundred_and_sixty-five,Indigo-Phi,Forestgreen-Zeta,480016
Phalaenopsis_Three_hundred_and_twenty,Gainsboro-Alpha,Mediumorchid-Zeta,218016
Wolfsbane_Two_hundred_and_thirty-four,Greenyellow-Theta,Mediumaquamarine-Beta,153053
Daffodil_Sixty-seven,Royalblue-Omicron,nowhere,478000
Heather_Two_hundred_and_thirty,Darkcyan-Lamda,Mediumblue-Psi,260049
Limonium_One_hundred_and_eighty-one,Mediumorchid-Alpha,Mediumslateblue-Delta,3104
Caspia_Three_hundred_and_seventy,Mediumturquoise-Epsilon,Beige-Alpha,185049
Zantedeschia_Two_hundred_and_fifty-nine,Slategray-Sigma,Maroon-Phi,96050
Ranunculus_One_hundred_and_eighteen,Maroon-Tau,nowhere,571000
Gyp_Seventeen,Cornsilk-Tau,nowhere,371000
Craspedia_One_hundred_and_eighty,Linen-Omicron,Navajowhite-Rho,351048
Salix_One_hundred_and_seventy-three,Blue-Kappa,nowhere,155000
Lisianthus_Four_hundred_and_ninety-nine,Darksalmon-Beta,Crimson-Zeta,126167
Melaleuca_Four_hundred_and_seventy,Cornsilk-Rho,nowhere,131000
Love-lies-bleeding_Three_hundred_and_thirty-two,Lavenderblush-Phi,Orangered-Chi,454050
Montbretia_Two_hundred_and_five,Darkturquoise-Beta,Salmon-Eta,455048
Myrsine_Two_hundred,Moccasin-Eta,Wheat-Rho,362097
Saxicola_One_hundred_and_ten,Lightgray-Delta,Darkcyan-Sigma,222048
Lavandula_Seventy-six,Coral-Chi,nowhere,110000
Memosa_Four_hundred_and_thirty-nine,Aquamarine-Iota,Lawngreen-Psi,366051
Campanula_One_hundred_and_ten,Lightcyan-Rho,nowhere,183000
Lavender_Three_hundred_and_fifty-eight,Hotpink-Theta,Gainsboro-Mu,168016
Nigella_One_hundred_and_seventy-one,Azure-Beta,Darkviolet-Iota,5048
Limonium_One_hundred_and_twenty-three,Navy-Lamda,Dimgrey-Pi,125049
Wattle_Thirty-seven,Lightyellow-Phi,Mediumslateblue-Gamma,519016
Safflower_Four_hundred_and_twenty-eight,Lightskyblue-Omega,nowhere,545000
Ornithogalum_One_hundred_and_sixty-five,Mistyrose-Rho,Tan-Chi,69053
Tailflowers_Ninety-six,Lightslategray-Psi,Steelblue-Kappa,55048
Gerbera_One_hundred_and_thirty-two,Linen-Nu,nowhere,556000
Nigella_One_hundred_and_seventy-one,Darkviolet-Iota,Azure-Beta,5050
Zantedeschia_Two_hundred_and_thirty-three,Plum-Alpha,Chartreuse-Beta,425017
Waxflower_Two_hundred_and_twenty-five,Springgreen-Lamda,Mediumvioletred-Upsilon,408048
Myrtus_One_hundred_and_sixty-five,Oldlace-Omicron,Red-Pi,575016
Phalaenopsis_Three_hundred_and_fifty-two,Mintcream-Alpha,Tomato-Kappa,495049
Myrsine_Two_hundred,Magenta-Beta,Wheat-Rho,362100
Broom_Three_hundred_and_sixty-nine,Seashell-Psi,Darkgrey-Xi,106107
Saxicola_One_hundred_and_fifty-five,Limegreen-Iota,nowhere,543000
Rose_Two_hundred_and_seventy-seven,Ghostwhite-Mu,Grey-Gamma,21016
Lisianthus_Four_hundred_and_ninety-nine,Oldlace-Omicron,Darksalmon-Beta,126169
Solidago_Three_hundred_and_thirty,Linen-Nu,Bisque-Upsilon,594016
Chamelaucium_Eighty-seven,Ivory-Omega,Orchid-Pi,122052
Tuberose_Two_hundred_and_sixty-nine,Aqua-Omicron,nowhere,88000
Lilac_Sixteen,Rebeccapurple-Mu,nowhere,157000
Bellflower_Two_hundred_and_eighty-four,Gold-Gamma,Teal-Beta,171048
Wolfsbane_Three_hundred_and_eleven,Lightcoral-Pi,Thistle-Beta,437053
Achillea_Eighty-two,Greenyellow-Upsilon,Mediumturquoise-Mu,158049
Caspia_Three_hundred_and_seventy,Beige-Alpha,Mediumturquoise-Epsilon,185052
Tracelium_Thirty-six,White-Upsilon,Linen-Mu,330017
Zinna_Four_hundred_and_forty-three,Seashell-Psi,nowhere,596000
Cosmos_Three_hundred_and_sixty-one,Darksalmon-Zeta,Coral-Chi,538053
Zantedeschia_Two_hundred_and_thirty-three,Chartreuse-Beta,Plum-Alpha,425016
Craspedia_One_hundred_and_eighty,Darkorange-Theta,Linen-Omicron,351052
Lisianthus_Four_hundred_and_ninety-nine,Crimson-Zeta,Oldlace-Omicron,126178
Freesia_Forty-one,Crimson-Alpha,Wheat-Alpha,166017
Feverfew_Three_hundred_and_twenty-three,Wheat-Delta,nowhere,143000
Anemone_Two_hundred_and_nine,Ghostwhite-Zeta,Pink-Gamma,256050
Craspedia_One_hundred_and_twelve,Lightblue-Zeta,Sienna-Iota,15097
Statice_Two_hundred_and_sixty-seven,Lightseagreen-Tau,nowhere,313000
Philodendron_Two_hundred_and_twenty-one,Tomato-Lamda,nowhere,548000
Porium_Two_hundred_and_sixty-six,Mediumorchid-Epsilon,nowhere,326000
Statice_Three_hundred_and_sixty-two,Sienna-Eta,Lightgray-Pi,438017
Sunflower_Three_hundred_and_eighteen,Tan-Gamma,Royalblue-Epsilon,56051
Windflower_One_hundred_and_one,Lightcoral-Upsilon,Gold-Chi,520017
Limonium_One_hundred_and_twenty-three,Brown-Omega,Dimgrey-Pi,125051
Gerbera_Sixty-six,Ghostwhite-Omicron,Bisque-Mu,20177
Rattlesnake_Four_hundred_and_twenty-nine,Darksalmon-Zeta,Darkorchid-Pi,197016
Anconitum_Fifty-five,Palegreen-Omicron,nowhere,119000
Wattle_Three_hundred_and_ninety-two,Aquamarine-Delta,Khaki-Chi,219101
Broom_Two_hundred_and_four,Greenyellow-Nu,nowhere,503000
Love-lies-bleeding_Ninety-five,Mediumpurple-Gamma,nowhere,102000
Craspedia_Two_hundred_and_five,Chocolate-Kappa,nowhere,229000
Rattlesnake_Four_hundred_and_twenty-nine,Darkorchid-Pi,Darksalmon-Zeta,197017
Ginger_One_hundred_and_thirty-two,White-Psi,Floralwhite-Theta,37173
Adam's-needle_Three_hundred_and_nineteen,Lavenderblush-Phi,Gainsboro-Psi,300017
Heather_Three_hundred_and_eighty-four,Ivory-Xi,Darkslategray-Upsilon,65053
Pitt_One_hundred_and_seventy-four,Darkmagenta-Rho,Rebeccapurple-Psi,413016
Bellflower_Four_hundred_and_six,Pink-Phi,nowhere,10000
Wolfsbane_Three_hundred_and_eleven,Thistle-Beta,Fuchsia-Lamda,437050
Gerbera_Sixty-six,Bisque-Mu,Ghostwhite-Omicron,20167
Limonium_Three_hundred_and_ninety-five,Tomato-Zeta,nowhere,597000
Lavender_Twenty-seven,Darkmagenta-Omicron,Gray-Lamda,46017
Narcissus_Forty-five,Darkorange-Pi,Lightyellow-Psi,206103
Montbretia_Three_hundred_and_eleven,Blueviolet-Epsilon,nowhere,204000
Campanula_Two_hundred_and_twelve,Rebeccapurple-Sigma,Saddlebrown-Pi,299052
Freesia_Four_hundred_and_eighty-six,Gainsboro-Nu,Darkseagreen-Eta,418051
Dahlia_Two_hundred_and_eight,Green-Rho,Darkgray-Alpha,136016
Cymbidium_One_hundred_and_ninety-four,Mediumspringgreen-Rho,Rosybrown-Eta,95051
Gyp_Two_hundred_and_eighteen,Rosybrown-Eta,Lightpink-Delta,241016
Godetia_Two_hundred_and_eighty-four,Maroon-Theta,Gainsboro-Gamma,393017
Alpina_Three_hundred_and_nine,Darkgoldenrod-Psi,nowhere,577000
Ginger_One_hundred_and_thirty-two,Lightpink-Upsilon,Fuchsia-Gamma,37163
Heather_Three_hundred_and_eighty-four,Darkslategray-Upsilon,Ivory-Xi,65051
Phlox_Two_hundred_and_eighty-one,Lavender-Upsilon,Rebeccapurple-Sigma,244017
Cosmos_Three_hundred_and_seventy-five,Wheat-Pi,Powderblue-Kappa,40017
Cosmos_Seven,Powderblue-Lamda,Oldlace-Omicron,374101
Schinus_Three_hundred_and_eighty-nine,Red-Pi,nowhere,128000
Strawflower_Two_hundred_and_forty-five,Darkseagreen-Mu,Mediumvioletred-Epsilon,234016
Narcissus_Forty-five,Seashell-Psi,Darkseagreen-Nu,206105
Gyp_Two_hundred_and_ninety-four,White-Sigma,Thistle-Eta,6107
Lisianthus_Two_hundred_and_thirty-six,Blanchedalmond-Rho,Sandybrown-Eta,321052
Lisianthus_Two_hundred_and_thirty-six,Sandybrown-Eta,Burlywood-Zeta,321048
Myrsine_Two_hundred,Magenta-Beta,Moccasin-Eta,362099
Anconitum_Two_hundred_and_eleven,Dimgrey-Xi,Gainsboro-Phi,8017
Cymbidium_Four_hundred_and_eighty-six,Yellowgreen-Delta,nowhere,599000
Achillea_Eighty-two,Gainsboro-Alpha,Mediumturquoise-Mu,158051
Gardenia_One_hundred_and_nineteen,Dimgrey-Psi,Seagreen-Upsilon,315016
Agapanthus_Two_hundred_and_fourteen,Moccasin-Eta,Rebeccapurple-Sigma,74017
Solidago_Four_hundred_and_ninety-eight,Mediumorchid-Omega,nowhere,499000
Ginger_Two_hundred_and_sixteen,Darkviolet-Sigma,Mediumvioletred-Upsilon,389017
Anigozanthus_One_hundred_and_sixty-one,White-Nu,Mediumvioletred-Xi,249048
Knapweed_One_hundred_and_sixty,Lavenderblush-Phi,nowhere,558000
Candytuft_Two_hundred_and_seventy-nine,Mediumblue-Pi,nowhere,544000
Broom_Two_hundred_and_eighty,Chocolate-Mu,nowhere,165000
Pittosporum_Three_hundred_and_forty-five,Coral-Omicron,nowhere,30000
Cosmos_Seven,Powderblue-Lamda,Cyan-Psi,374099
Ranunculus_Four_hundred_and_eighty-seven,Beige-Omega,Blue-Alpha,98048
Safflower_Four_hundred_and_ninety-nine,Green-Iota,nowhere,198000
Farewell-To-Spring_Four_hundred_and_eight,Powderblue-Lamda,Cadetblue-Omega,385053
Nerine_Two,Yellow-Rho,Cornflowerblue-Theta,291016
Anthurium_Three_hundred_and_thirty-three,Yellowgreen-Alpha,Midnightblue-Rho,26017
Candytuft_Four_hundred_and_ninety-five,Salmon-Eta,Grey-Mu,58049
Craspedia_Two_hundred_and_fourteen,Bisque-Xi,nowhere,235000
Nephrolepis_Ninety-eight,Floralwhite-Omega,Tomato-Beta,205052
Caspia_Three_hundred_and_seventy,Beige-Alpha,Sandybrown-Xi,185053
Aster_One_hundred_and_forty-nine,White-Psi,nowhere,63000
Heath_Two_hundred_and_fifty-seven,Darkcyan-Zeta,nowhere,365000
Sunflower_Three_hundred_and_eighteen,Royalblue-Epsilon,Tan-Gamma,56053
Hydrangea_Four_hundred_and_fifty-three,Lightblue-Mu,Slateblue-Psi,320048
Pitt_Two_hundred_and_eighty-two,Crimson-Chi,nowhere,447000
Mimosa_Three_hundred_and_twenty-one,Darkcyan-Omicron,Honeydew-Beta,214048
Narcissus_Three_hundred_and_twenty-five,Mediumblue-Upsilon,Honeydew-Omicron,212052
Phlox_Two_hundred_and_fifty-two,Lightgray-Iota,Palevioletred-Phi,528016
Phlox_Two_hundred_and_fifty-two,Palevioletred-Phi,Lightgray-Iota,528017
Lavender_Four_hundred_and_sixteen,Lightskyblue-Alpha,nowhere,450000
Iris_One_hundred_and_twenty-seven,Forestgreen-Alpha,Aliceblue-Kappa,223049
Tulipa_Two_hundred_and_forty-three,Purple-Zeta,Black-Iota,265016
Myrtle_Forty,Brown-Nu,Snow-Omicron,70016
Phlox_Fifty-four,Turquoise-Epsilon,Dimgray-Alpha,114016
Caspia_Three_hundred_and_seventy,Sandybrown-Xi,Beige-Alpha,185051
Broom_Three_hundred_and_sixty-nine,Lightpink-Psi,Darkseagreen-Mu,106099
Lisianthus_Two_hundred_and_thirty-six,Burlywood-Zeta,Blanchedalmond-Rho,321051
Statice_Three_hundred_and_sixty-two,Lightgray-Pi,Sienna-Eta,438016
Throatwort_Eight,Lightblue-Xi,Mediumorchid-Omega,18017
Limonium_One_hundred_and_eighty-one,Dodgerblue-Tau,Mediumslateblue-Delta,3101
Heather_Two_hundred_and_thirty,Mediumblue-Psi,Darkcyan-Lamda,260052
Caspia_Two_hundred,Chocolate-Eta,nowhere,482000
Love-lies-bleeding_Four_hundred_and_sixty-four,Mediumaquamarine-Delta,Mistyrose-Eta,25016
Veronica_Sixty-eight,Burlywood-Epsilon,nowhere,117000
Montbretia_Four_hundred_and_thirty-three,Saddlebrown-Beta,Dodgerblue-Sigma,68017
Nephrolepis_Two_hundred_and_twenty-three,Sienna-Iota,nowhere,62000
Narcissus_Forty-five,Lightyellow-Psi,Darkseagreen-Nu,206099
Lily_Three_hundred_and_ninety-one,Peru-Zeta,Lightgreen-Rho,99048
Caspia_Three_hundred_and_fourteen,Lightgray-Eta,Lightgrey-Iota,396017
Chrysanthemum_Two_hundred_and_eleven,Wheat-Beta,nowhere,424000
Safflower_Two,Darkcyan-Omicron,nowhere,79000
Safflower_Two_hundred_and_fifty-six,Mediumaquamarine-Epsilon,Mediumspringgreen-Beta,142016
Paeonia_Three_hundred_and_thirty-three,Indigo-Zeta,Gainsboro-Omega,92053
Gyp_Two_hundred_and_ninety-four,White-Sigma,Maroon-Tau,6105
Lilac_Thirty-one,Blueviolet-Epsilon,nowhere,555000
Cordyline_Eighty-three,Coral-Chi,nowhere,57000
Lilly-of-the-Valley_One_hundred_and_forty,Lightgoldenrodyellow-Pi,Cornsilk-Theta,121017
Craspedia_One_hundred_and_twelve,Aquamarine-Iota,Lightblue-Zeta,15099
Jonquil_Fifty,Gold-Delta,Lightgrey-Lamda,375049
Pitt_One_hundred_and_two,Mediumslateblue-Delta,Wheat-Beta,49053
Nephrolepis_Three_hundred_and_fourteen,Darkslateblue-Omicron,nowhere,618000
Gladiolus_Two_hundred_and_fifteen,Orangered-Chi,Fuchsia-Gamma,401016
Bellflower_Three_hundred_and_eighty-one,Purple-Eta,nowhere,335000
Limonium_One_hundred_and_eighty-one,Mediumslateblue-Delta,Royalblue-Tau,3105
Speedwell_Twelve,Mediumaquamarine-Upsilon,Darksalmon-Zeta,90016
Snapdragon_One_hundred_and_three,Mediumblue-Tau,Powderblue-Phi,195017
Phalaenopsis_Fifty-four,Darkgoldenrod-Chi,Silver-Sigma,156171
Veronica_Twenty-three,Darkseagreen-Sigma,Crimson-Tau,443017
Enthusiasm_Three_hundred_and_twenty-two,Darkolivegreen-Omicron,Gainsboro-Xi,149017
Lisianthus_Three_hundred_and_forty-four,Deeppink-Tau,Paleturquoise-Lamda,370051
Solidago_Four_hundred_and_thirty-six,Darkorchid-Alpha,Powderblue-Xi,124017
Limonium_One_hundred_and_twenty-three,Dimgrey-Pi,Brown-Omega,125053
Gardenia_Four_hundred_and_eighty-three,Ivory-Zeta,nowhere,254000
Cymbidium_One_hundred_and_ninety-four,Rosybrown-Eta,Mediumspringgreen-Rho,95053
Stephanotis_One_hundred_and_twenty-six,Honeydew-Delta,Green-Rho,19049
Hydrangea_Three_hundred_and_thirty-five,Rebeccapurple-Upsilon,nowhere,342000
Throatwort_Three_hundred_and_fourteen,Darkseagreen-Mu,nowhere,285000
Agapanthus_Three_hundred_and_ninety-three,Hotpink-Rho,nowhere,622000
Porium_Thirty-five,Olive-Chi,nowhere,514000
Heather_Two_hundred_and_thirty,Mediumblue-Psi,Darkolivegreen-Rho,260053
Pittosporum_Two_hundred_and_ninety-three,Seagreen-Mu,nowhere,412000
Monkshood_Two_hundred_and_twenty-nine,Aliceblue-Iota,Red-Gamma,459017
Ranunculus_Four_hundred_and_eighty-seven,Teal-Zeta,Beige-Omega,98052
Tailflowers_Four_hundred_and_twenty-four,Fuchsia-Nu,nowhere,613000
Bellflower_Two_hundred_and_eighty-four,Teal-Beta,Honeydew-Pi,171051
Scabiosa_One_hundred_and_seven,Fuchsia-Lamda,Lightskyblue-Omega,132048
Lisianthus_Three_hundred_and_forty-four,Deeppink-Tau,Gainsboro-Nu,370050
Solidago_One_hundred_and_ninety-one,Floralwhite-Omega,Goldenrod-Iota,494016
Acacia_Sixty-one,Mediumorchid-Omega,Darkblue-Alpha,279017
Knapweed_Two_hundred_and_ninety-seven,Mediumvioletred-Upsilon,Azure-Beta,177017
Melaleuca_Three_hundred_and_seventeen,Sandybrown-Eta,Dodgerblue-Gamma,41048
Waxflower_One_hundred_and_one,Crimson-Lamda,nowhere,416000
Daffodil_Thirty-eight,Slategray-Sigma,Darkcyan-Iota,311048
Zinna_One_hundred_and_ninety-five,Slategrey-Upsilon,Blueviolet-Pi,461017
Lily_Three_hundred_and_ninety-one,Peru-Zeta,Lightsalmon-Epsilon,99049
Broom_Four_hundred_and_thirty-five,Aquamarine-Delta,Tan-Gamma,586016
Tracelium_Four_hundred_and_sixty-five,Royalblue-Chi,Blue-Alpha,489049
Montbretia_Two_hundred_and_sixty-eight,Silver-Zeta,Indianred-Mu,384017
Cosmos_Three_hundred_and_sixty-one,Darksalmon-Zeta,Orange-Chi,538052
Rose_Two_hundred_and_seventy-seven,Grey-Gamma,Ghostwhite-Mu,21017
Wattle_Twelve,Lawngreen-Zeta,nowhere,533000
Knapweed_Four_hundred_and_thirty-seven,Darkgray-Xi,nowhere,573000
Nigella_One_hundred_and_seventy-one,Whitesmoke-Psi,Darkviolet-Iota,5053
Dahlia_Three_hundred_and_eighty-two,Ghostwhite-Omega,nowhere,420000
Heather_Two_hundred_and_ninety-seven,Mediumaquamarine-Epsilon,nowhere,163000
Waxflower_Two_hundred_and_eighty-six,Royalblue-Gamma,Darkcyan-Sigma,387016
Limonium_One_hundred_and_eighty-one,Royalblue-Tau,Mediumslateblue-Delta,3098
Daffodil_Thirty-eight,Darkcyan-Iota,Slategray-Sigma,311050
Knapweed_Two_hundred_and_ninety-four,Mediumpurple-Iota,nowhere,288000
Ranunculus_Three_hundred_and_seventy,Lightsteelblue-Mu,Mistyrose-Rho,1049
Buddleia_Four_hundred_and_seventy-nine,Mediumblue-Pi,nowhere,542000
Pittosporum_Thirty-nine,Ghostwhite-Nu,Lightslategray-Iota,39017
Bouvardia_One_hundred_and_twenty-seven,Deeppink-Tau,Aquamarine-Psi,280048
Anthurium_Four_hundred_and_forty-four,Springgreen-Eta,nowhere,146000
Lisianthus_Three_hundred_and_forty-four,Gainsboro-Nu,Deeppink-Tau,370048
Lisianthus_Four_hundred_and_ninety-nine,Red-Lamda,Darksalmon-Beta,126160
Alpina_Four_hundred_and_twenty-three,Sandybrown-Omega,Mediumslateblue-Delta,511017
Sansevieria_Three_hundred_and_eight,Moccasin-Pi,nowhere,44000
Gardenia_Four_hundred_and_sixty-one,Steelblue-Kappa,Green-Tau,233053
Phalaenopsis_Three_hundred_and_fifty-two,Turquoise-Beta,Mintcream-Alpha,495050
Wattle_Three_hundred_and_ninety-two,Khaki-Chi,Aquamarine-Delta,219106
Gerbera_Sixty-six,Bisque-Mu,Sandybrown-Iota,20166
Sunflower_One_hundred_and_thirty-four,Lightcoral-Pi,Gold-Gamma,66049
Myrsine_Two_hundred,Wheat-Rho,Mediumorchid-Epsilon,362104
Heather_Two_hundred_and_thirty,Darkolivegreen-Rho,Mediumblue-Psi,260051
Montbretia_One_hundred_and_thirty-six,Darkkhaki-Rho,nowhere,289000
Lavender_Three_hundred_and_eighty-six,Dimgray-Tau,Forestgreen-Sigma,310017
Peony_Four_hundred_and_thirty-four,Magenta-Upsilon,nowhere,29000
Zinna_One_hundred_and_eight,Pink-Delta,Lightcyan-Psi,17017
Stock_Four_hundred_and_eighty-eight,Lightsteelblue-Omega,Mediumturquoise-Rho,173017
Broom_Three_hundred_and_sixty-nine,Darkgrey-Xi,Darkseagreen-Mu,106102
Bouvardia_One_hundred_and_twenty-seven,Deeppink-Tau,Turquoise-Mu,280049
Drumstick_Four_hundred_and_fifty-six,Seagreen-Tau,nowhere,591000
Enthusiasm_One_hundred_and_forty-five,Cyan-Mu,nowhere,47000
Lily_Three_hundred_and_ninety-one,Lightgreen-Rho,Peru-Zeta,99050
Limonium_One_hundred_and_eighty-one,Mediumslateblue-Delta,Mediumorchid-Alpha,3107
Iris_One_hundred_and_ninety-two,Lawngreen-Upsilon,Papayawhip-Kappa,402017
Zantedeschia_Four_hundred_and_forty-three,Olive-Nu,Darkslategrey-Kappa,354017
Love-lies-bleeding_Thirty-eight,Lightsalmon-Epsilon,Deeppink-Epsilon,208017
Melaleuca_Three_hundred_and_seventeen,Snow-Chi,Sandybrown-Eta,41052
Memosa_Four_hundred_and_five,Honeydew-Delta,nowhere,111000
Craspedia_One_hundred_and_twelve,Lavenderblush-Pi,Sienna-Iota,15107
Narcissus_Three_hundred_and_twenty-five,Honeydew-Omicron,Mediumblue-Upsilon,212049
Ornithogalum_Two_hundred_and_eighty-four,Ghostwhite-Xi,Lightyellow-Omega,298051
Gyp_Two_hundred_and_ninety-four,Darkmagenta-Xi,Maroon-Tau,6099
Craspedia_One_hundred_and_eighty,Navajowhite-Rho,Linen-Omicron,351050
Peony_One_hundred_and_ninety-nine,Antiquewhite-Omicron,Saddlebrown-Lamda,541016
Rattlesnake_Two_hundred_and_ninety-nine,Lavenderblush-Iota,Slategray-Sigma,127017
Banksia_Two_hundred_and_eighty-eight,Tan-Alpha,Powderblue-Kappa,400016
Narcissus_Three_hundred_and_twenty-five,Darkorchid-Alpha,Honeydew-Omicron,212050
Enthusiasm_Three_hundred_and_seventeen,Olive-Xi,Lightgoldenrodyellow-Pi,392016
Freesia_Four_hundred_and_eighty-six,Gainsboro-Nu,White-Pi,418050
Iris_One_hundred_and_twenty-seven,Palevioletred-Omicron,Aliceblue-Kappa,223051
Broom_Three_hundred_and_seventy-nine,Beige-Eta,nowhere,103000
Narcissus_Three_hundred_and_seventy-nine,Ivory-Gamma,Antiquewhite-Epsilon,259051
Pittosporum_Three_hundred_and_twenty-eight,Cyan-Upsilon,Antiquewhite-Mu,427053
Lilly-of-the-Valley_One_hundred_and_forty,Cornsilk-Theta,Lightgoldenrodyellow-Pi,121016
Tailflowers_Ninety-six,Steelblue-Kappa,Lightslategray-Psi,55050
Daffodil_Thirty-eight,Grey-Zeta,Darkcyan-Iota,311053
Bouvardia_Sixty-seven,Antiquewhite-Rho,Sandybrown-Iota,434016
Saxicola_One_hundred_and_ten,Darkcyan-Sigma,Lightgray-Delta,222050
Banksia_Three_hundred_and_one,Lightgray-Pi,nowhere,186000
Melaleuca_Three_hundred_and_seventeen,Snow-Chi,Dodgerblue-Gamma,41053
Caspia_Three_hundred_and_fourteen,Lightgrey-Iota,Lightgray-Eta,396016
Pittosporum_Sixty-eight,Darksalmon-Nu,nowhere,610000
Zinna_Three_hundred_and_eighty-two,Palegoldenrod-Chi,nowhere,152000
Tulip_Three_hundred_and_fifty-two,Deeppink-Kappa,Blanchedalmond-Omega,295016
Candytuft_Eighty-three,Midnightblue-Chi,nowhere,444000
Rose_Twenty-three,Mediumvioletred-Eta,Darkkhaki-Zeta,297049
Saponaria_Ten,Powderblue-Xi,nowhere,323000
Enthusiasm_Three_hundred_and_seventeen,Lightgoldenrodyellow-Pi,Olive-Xi,392017
Pittosporum_Seventy-nine,Lightgrey-Lamda,nowhere,167000
Chamelaucium_Eighty-seven,Orchid-Pi,Mediumslateblue-Chi,122048
Sansevieria_Four_hundred_and_thirty-one,Pink-Gamma,Saddlebrown-Chi,485017
Ranunculus_Three_hundred_and_seventy,Sienna-Upsilon,Mistyrose-Rho,1051
Gerbera_Sixty-six,Seashell-Zeta,Bisque-Mu,20160
Nerine_Three_hundred_and_sixty-eight,Sandybrown-Phi,Antiquewhite-Omicron,348052
Dahlia_Two_hundred_and_thirty-one,Khaki-Alpha,Mediumseagreen-Zeta,379017
Phalaenopsis_Four_hundred_and_sixty-three,Rebeccapurple-Epsilon,nowhere,164000
Rose_Twenty-three,Darkkhaki-Zeta,Goldenrod-Sigma,297053
Asparagus_Four_hundred_and_ninety-six,Black-Kappa,nowhere,202000
Cosmos_Seven,Oldlace-Omicron,Ghostwhite-Omega,374107
Jonquil_Three_hundred_and_fifty-nine,Slategray-Kappa,Gainsboro-Gamma,353016
Achillea_Seventy-one,Cadetblue-Xi,Darkgrey-Xi,243017
Nerine_Three_hundred_and_sixty-eight,Darkviolet-Gamma,Antiquewhite-Omicron,348050
Saxicola_One_hundred_and_ten,Lightgray-Delta,Azure-Pi,222049
Love-lies-bleeding_Thirty-eight,Deeppink-Epsilon,Lightsalmon-Epsilon,208016
Convallaria_Three_hundred_and_seventy-six,Mediumturquoise-Chi,nowhere,414000
Tracelium_One_hundred_and_forty-four,Darkseagreen-Zeta,nowhere,623000
Memosa_Four_hundred_and_thirty-nine,Lawngreen-Psi,Cornsilk-Pi,366052
Gerbera_Sixty-six,Sandybrown-Iota,Seashell-Zeta,20172
Melaleuca_Three_hundred_and_ninety-nine,Azure-Beta,Mediumslateblue-Chi,319017
Narcissus_Forty-five,Lightyellow-Psi,Seashell-Psi,206101
Broom_Four_hundred_and_ninety,Deepskyblue-Beta,Green-Zeta,11017
Adam's-needle_Three_hundred_and_nineteen,Gainsboro-Psi,Lavenderblush-Phi,300016
Limonium_One_hundred_and_eighty-one,Mediumslateblue-Delta,Dodgerblue-Tau,3106
Jonquil_Three_hundred_and_seventy,Rosybrown-Alpha,Tomato-Omega,45017
Ranunculus_Thirteen,Mediumseagreen-Tau,nowhere,175000
Craspedia_Two_hundred_and_forty-six,Orchid-Lamda,nowhere,470000
Anigozanthus_One_hundred_and_sixty-one,White-Nu,Mediumorchid-Alpha,249049
Saponaria_Ninety-three,Orangered-Iota,nowhere,258000
Wattle_Four_hundred_and_seventy,Palegoldenrod-Gamma,Seashell-Mu,221106
Musa_Forty-nine,Silver-Pi,nowhere,80000
Cymbidium_One_hundred_and_ninety-four,Wheat-Omega,Mediumspringgreen-Rho,95048
Celosia_Four_hundred_and_ninety-five,Blanchedalmond-Epsilon,Darkorange-Lamda,626016
Asparagus_Four_hundred_and_one,Green-Tau,nowhere,574000
Sunflower_One_hundred_and_thirty-four,Mediumorchid-Omicron,Lightcoral-Pi,66050
Cymbidium_One_hundred_and_twenty-two,Dimgray-Phi,Dimgray-Xi,137053
Gardenia_Three_hundred_and_sixty-three,Darksalmon-Zeta,nowhere,355000
Solidago_One_hundred_and_fifty-eight,Lime-Omega,nowhere,566000
Lavender_One_hundred_and_fifty-nine,Honeydew-Pi,Magenta-Theta,170017
Ornithogalum_Two_hundred_and_eighty-four,Lightyellow-Omega,Ghostwhite-Xi,298053
Pittosporum_Three_hundred_and_twenty-eight,Cyan-Upsilon,Lightsalmon-Beta,427052
Cosmos_Seven,Cyan-Psi,Powderblue-Lamda,374096
Stephanotis_Ninety-seven,Lightgray-Delta,Springgreen-Kappa,449016
Myrsine_Three_hundred_and_fifty-six,Indianred-Mu,nowhere,293000
Nigella_Four_hundred_and_seventy-eight,Darkblue-Kappa,Darkturquoise-Theta,248016
Lilac_Twenty-eight,Lightsteelblue-Chi,nowhere,107000
Craspedia_One_hundred_and_twelve,Sienna-Iota,Lightblue-Zeta,15102
Solidago_Four_hundred_and_thirty-six,Powderblue-Xi,Darkorchid-Alpha,124016
Ornithogalum_Three_hundred_and_twelve,Teal-Zeta,Mediumseagreen-Alpha,81016
Lisianthus_Forty-two,Red-Alpha,Orangered-Epsilon,109053
Gerbera_Sixty-six,Burlywood-Epsilon,Sandybrown-Iota,20170
Veronica_Three_hundred_and_ninety-seven,Chartreuse-Beta,Skyblue-Zeta,446016
Wolfsbane_Three_hundred_and_fifty-seven,Lightsalmon-Omicron,Springgreen-Omicron,12016
Lisianthus_Forty-two,Orangered-Epsilon,Navy-Sigma,109050
Broom_Three_hundred_and_ten,Lightpink-Theta,nowhere,563000
Broom_Three_hundred_and_sixty-nine,Darkseagreen-Mu,Lightpink-Psi,106096
Veronica_Twenty-three,Crimson-Tau,Darkseagreen-Sigma,443016
Sunflower_Three_hundred_and_eighteen,Blanchedalmond-Beta,Tan-Gamma,56048
Nerine_One_hundred_and_forty-three,Slategray-Omega,nowhere,409000
Lisianthus_Forty-two,Navy-Sigma,Red-Alpha,109049
Dendrobium_Four,Darkorange-Alpha,nowhere,628000
Candytuft_Four_hundred_and_ninety-five,Salmon-Eta,Mediumpurple-Iota,58048
Bupleurum_Fourteen,Lightskyblue-Epsilon,nowhere,305000
Gyp_Two_hundred_and_eighteen,Lightpink-Delta,Rosybrown-Eta,241017
Lilly-of-the-Valley_Three_hundred_and_ninety-four,Chocolate-Eta,nowhere,116000
Thouroughwax_Thirty-six,Dimgray-Phi,nowhere,585000
Limonium_One_hundred_and_eighty-one,Royalblue-Tau,Mediumorchid-Alpha,3097
Carnation_Forty-seven,Seagreen-Tau,Darkolivegreen-Sigma,568017
Wattle_Three_hundred_and_ninety-two,Khaki-Chi,Powderblue-Kappa,219107
Mimosa_Three_hundred_and_twenty-one,Honeydew-Beta,Darkcyan-Omicron,214050
Phalaenopsis_Eighty-five,Grey-Omega,Cyan-Mu,52050
Love-lies-bleeding_Three_hundred_and_thirty-two,Aquamarine-Eta,Orangered-Chi,454052
Lisianthus_Four_hundred_and_ninety-nine,Darksalmon-Beta,Lightsteelblue-Theta,126166
Anigozanthus_Four_hundred_and_five,Forestgreen-Upsilon,nowhere,196000
Ornithogalum_One_hundred_and_sixty-five,Tan-Chi,Mistyrose-Rho,69051
Statice_Twenty,Indianred-Epsilon,nowhere,501000
Candytuft_Eighty-five,Moccasin-Eta,nowhere,239000
Ornithogalum_Three_hundred_and_seventy-seven,Lawngreen-Delta,Chocolate-Omicron,14016
Adam's-needle_Two_hundred_and_nine,Moccasin-Tau,nowhere,451000
Ornithogalum_Three_hundred_and_twelve,Mediumseagreen-Alpha,Teal-Zeta,81017
Pittosporum_Fourteen,Yellowgreen-Rho,Darkgoldenrod-Theta,290017
Amaryllis_Four_hundred_and_eighty,Mintcream-Alpha,nowhere,160000
Boronia_Twenty-eight,Gainsboro-Alpha,Olive-Beta,189017
Ginger_Forty-seven,Maroon-Phi,Burlywood-Omicron,329048
Lisianthus_One_hundred_and_forty-eight,Darkgrey-Nu,nowhere,242000
Ornithogalum_One_hundred_and_thirteen,Cornsilk-Tau,nowhere,85000
Anigozanthus_Three_hundred_and_nine,Mistyrose-Eta,Maroon-Lamda,172017
Tuberose_Thirty-one,Palegoldenrod-Upsilon,nowhere,277000
Phalaenopsis_Fifty-four,Magenta-Pi,Darkgoldenrod-Chi,156161
Rose_Twenty-three,Goldenrod-Sigma,Mediumvioletred-Eta,297050
Paeonia_Two_hundred_and_thirty-one,Navy-Beta,Darksalmon-Beta,83048
Zantedeschia_Two_hundred_and_fifty-nine,Maroon-Phi,Peru-Rho,96049
Ranunculus_Four_hundred_and_eighty-seven,Beige-Omega,Teal-Zeta,98049
Cymbidium_One_hundred_and_twenty-two,Dimgray-Xi,Darkslateblue-Iota,137050
Agapanthus_Two_hundred_and_forty-seven,Peru-Theta,nowhere,561000
Enthusiasm_Three_hundred_and_twenty-two,Gainsboro-Xi,Darkolivegreen-Omicron,149016
Cymbidium_One_hundred_and_ninety-four,Mediumspringgreen-Rho,Wheat-Omega,95050
Mimosa_Three_hundred_and_thirty-six,Antiquewhite-Pi,nowhere,431000
Ranunculus_Two_hundred_and_fifteen,Springgreen-Xi,Thistle-Omega,440016
Scabiosa_One_hundred_and_seven,Rebeccapurple-Epsilon,Fuchsia-Lamda,132052
Bouvardia_Three_hundred_and_twenty-two,Mediumpurple-Iota,Honeydew-Pi,169016
Wolfsbane_Two_hundred_and_thirty-four,Silver-Sigma,Mediumaquamarine-Beta,153048
Nerine_Thirty-four,Darkolivegreen-Rho,Chartreuse-Beta,287017
Carthamus_Four_hundred_and_eighty-four,Lightsteelblue-Omega,nowhere,336000
Buddleia_Two_hundred_and_ninety,Lightgreen-Sigma,nowhere,50000
Cattleya_Three_hundred,Khaki-Epsilon,nowhere,271000
Carnation_Forty-seven,Darkolivegreen-Sigma,Seagreen-Tau,568016
Lilly-of-the-Valley_Sixty-four,Antiquewhite-Alpha,Rosybrown-Sigma,118017
Wattle_Four_hundred_and_seventy,Royalblue-Gamma,Orange-Theta,221097
Gardenia_Four_hundred_and_sixty-one,Green-Tau,Royalblue-Gamma,233050
Rattlesnake_One_hundred_and_four,Wheat-Tau,nowhere,344000
Sunflower_Three_hundred_and_eighteen,Tan-Gamma,Blanchedalmond-Beta,56050
Sansevieria_One_hundred_and_eighteen,Lightgreen-Phi,nowhere,346000
Bellflower_One_hundred_and_sixty-two,Red-Phi,Green-Mu,89050
Bouvardia_One_hundred_and_eighty-two,Darkgreen-Upsilon,nowhere,458000
Phalaenopsis_Fifty-four,Magenta-Pi,Moccasin-Kappa,156160
Narcissus_Three_hundred_and_seventy-nine,Plum-Omicron,Ivory-Gamma,259048
Cymbidium_One_hundred_and_twenty-two,Dimgray-Xi,Dimgray-Phi,137051
Acacia_Sixty-one,Darkblue-Alpha,Mediumorchid-Omega,279016
Wattle_Fifty-six,Silver-Lamda,Indigo-Alpha,456017
Pitt_One_hundred_and_two,Darkcyan-Sigma,Mediumslateblue-Delta,49049
Tulip_Three_hundred_and_fifty-two,Blanchedalmond-Omega,Deeppink-Kappa,295017
Phlox_Seventy-nine,Lightseagreen-Tau,nowhere,262000
Asparagus_Four_hundred_and_forty-one,Sienna-Sigma,nowhere,273000
Lisianthus_One_hundred_and_ten,Mediumvioletred-Upsilon,Yellowgreen-Omicron,301017
Ornithogalum_Two_hundred_and_eighty-four,Ghostwhite-Xi,Lightgoldenrodyellow-Kappa,298050
Wattle_Four_hundred_and_seventy,Palegoldenrod-Gamma,Royalblue-Gamma,221105
Tailflowers_Two_hundred_and_forty-three,Burlywood-Beta,Black-Iota,236016
Chrysanthemum_Four_hundred_and_sixty-five,Teal-Beta,Orangered-Beta,31053
Limonium_One_hundred_and_eighty-one,Mediumorchid-Alpha,Royalblue-Tau,3102
Limonium_Three_hundred_and_twenty-two,Goldenrod-Iota,Orchid-Pi,247017
Myrtle_One_hundred_and_twenty-nine,Darkorchid-Alpha,nowhere,508000
Rose_Three_hundred_and_forty-nine,Linen-Omicron,nowhere,230000
Craspedia_One_hundred_and_twelve,Lightblue-Zeta,Lavenderblush-Pi,15098
Chamelaucium_Eighty-seven,Ivory-Omega,Mediumslateblue-Chi,122053
Lavender_Three_hundred_and_ninety-six,Tomato-Pi,Palegoldenrod-Nu,35017
Nephrolepis_Ninety-eight,Floralwhite-Omega,Red-Pi,205053
Buddleia_One_hundred_and_ninety-eight,Snow-Omicron,Lightsteelblue-Tau,179017
Lavender_Three_hundred_and_forty-nine,Goldenrod-Omicron,Orange-Omicron,4016
Phalaenopsis_Fourteen,Cadetblue-Sigma,nowhere,535000
Astilbe_Twenty-two,Snow-Omicron,Darkmagenta-Upsilon,612017
Rose_Twenty-three,Mediumvioletred-Eta,Goldenrod-Sigma,297048
Saxicola_One_hundred_and_seven,Lavenderblush-Omicron,nowhere,592000
Ranunculus_Three_hundred_and_seventy,Lightsteelblue-Mu,Sienna-Upsilon,1048
Porium_Four_hundred_and_eighty,Chartreuse-Alpha,nowhere,491000
Strawflower_Three_hundred_and_seventy-five,Antiquewhite-Omicron,nowhere,527000
Drumstick_Four,Mediumaquamarine-Beta,nowhere,422000
Candytuft_Two_hundred_and_forty-three,Floralwhite-Theta,nowhere,274000
Chamelaucium_One_hundred_and_sixty-one,Ivory-Zeta,nowhere,381000
Bellflower_Four_hundred_and_fifty-six,Mediumorchid-Psi,nowhere,325000
Freesia_Four_hundred_and_eighty-six,Darkseagreen-Eta,White-Pi,418052
Gerbera_Sixty-six,Sandybrown-Iota,Ghostwhite-Omicron,20175
Campanula_Two_hundred_and_twelve,Saddlebrown-Pi,Oldlace-Phi,299048
Enthusiasm_Forty-two,Magenta-Pi,Aliceblue-Delta,399016
Lisianthus_Four_hundred_and_ninety-nine,Lightsteelblue-Theta,Red-Lamda,126172
Sansevieria_Three_hundred_and_seventy-four,Ghostwhite-Omicron,Green-Nu,188052
Daffodil_Thirty-eight,Grey-Zeta,Slategray-Sigma,311052
Zantedeschia_Two_hundred_and_fifty-nine,Maroon-Phi,Slategray-Sigma,96048
Ranunculus_Three_hundred_and_thirty-seven,Lawngreen-Upsilon,nowhere,2000
Campanula_Two_hundred_and_twelve,Rebeccapurple-Sigma,Oldlace-Phi,299053
Sunflower_One_hundred_and_thirty-four,Gold-Gamma,Lightcoral-Pi,66052
Nephrolepis_Ninety-eight,Tomato-Beta,Floralwhite-Omega,205049
Anconitum_Two_hundred_and_eleven,Gainsboro-Phi,Dimgrey-Xi,8016
Wattle_Thirty-seven,Mediumslateblue-Gamma,Lightyellow-Phi,519017
Ginger_One_hundred_and_thirty-two,Fuchsia-Gamma,Black-Iota,37178
Wattle_Three_hundred_and_ninety-two,Powderblue-Kappa,Aquamarine-Delta,219103
Cordyline_Three_hundred_and_thirty-four,Mediumblue-Phi,nowhere,284000
Myrtus_Two_hundred_and_ninety-eight,Silver-Pi,nowhere,417000
Wattle_Four_hundred_and_seventy,Orange-Theta,Palegoldenrod-Gamma,221104
Saxicola_One_hundred_and_ten,Azure-Pi,Darkcyan-Sigma,222053
Gerbera_Sixty-six,Burlywood-Epsilon,Bisque-Mu,20169
Salix_Forty,Rosybrown-Alpha,Olive-Xi,53050
Bouvardia_One_hundred_and_twenty-seven,Aquamarine-Psi,Deeppink-Tau,280050
Alpina_One_hundred_and_forty-one,Darkgreen-Omicron,nowhere,463000
Lavandula_Two_hundred_and_sixty-eight,Sandybrown-Xi,nowhere,367000
Convallaria_One_hundred_and_sixty-one,Darkturquoise-Tau,Darkorange-Pi,245017
Saponaria_Two_hundred_and_forty-seven,Black-Theta,nowhere,309000
Zantedeschia_Two_hundred_and_fifty-nine,Peru-Rho,Maroon-Phi,96052
Lily_Four_hundred_and_twelve,Indianred-Eta,nowhere,162000
Pitt_Four_hundred_and_fifty-six,Mediumblue-Omicron,Darkkhaki-Phi,201016
Sunflower_Three_hundred_and_eighteen,Blanchedalmond-Beta,Royalblue-Epsilon,56049
Narcissus_Three_hundred_and_seventy-nine,Plum-Omicron,Antiquewhite-Epsilon,259049
Ginger_Forty-seven,Maroon-Phi,Lemonchiffon-Chi,329049
Lisianthus_Two_hundred_and_thirty-six,Sandybrown-Eta,Blanchedalmond-Rho,321049
Narcissus_Forty-five,Seashell-Psi,Darkorange-Pi,206107
Ranunculus_One_hundred_and_seventy-one,Sandybrown-Tau,Burlywood-Omicron,497053
Asparagus_Sixty-three,Lightgreen-Phi,nowhere,605000
Narcissus_Forty-five,Seashell-Psi,Lightyellow-Psi,206106
Nerine_Four_hundred_and_seventy-seven,Darkcyan-Zeta,Orange-Beta,296017
Banksia_Two_hundred_and_eighty-eight,Powderblue-Kappa,Tan-Alpha,400017
Broom_Four_hundred_and_fourteen,Mediumseagreen-Delta,nowhere,453000
Ranunculus_Four_hundred_and_eighty-seven,Blue-Alpha,Beige-Omega,98050
Safflower_One_hundred_and_eight,Teal-Rho,nowhere,595000
Broom_Three_hundred_and_thirteen,Darkseagreen-Zeta,Mediumseagreen-Alpha,268017
Banksia_Three_hundred_and_twenty-one,Thistle-Kappa,nowhere,134000
Candytuft_Four_hundred_and_ninety-five,Mediumpurple-Iota,Grey-Mu,58051
Tracelium_Four_hundred_and_sixty-five,Royalblue-Chi,Paleturquoise-Eta,489048
Rose_Twenty-three,Darkkhaki-Zeta,Mediumvioletred-Eta,297052
Clarkia_Thirteen,Rebeccapurple-Mu,nowhere,529000
Larkspur_One_hundred_and_sixty-five,Forestgreen-Zeta,Indigo-Phi,480017
Jonquil_One_hundred_and_twenty-four,Lightsteelblue-Mu,Darkgoldenrod-Chi,78016
Phlox_Fifty-four,Dimgray-Alpha,Turquoise-Epsilon,114017
Myrsine_One_hundred_and_twenty-six,Lemonchiffon-Chi,Mediumorchid-Omega,145048
Cornflower_One_hundred_and_thirty-four,Lightcoral-Delta,Crimson-Iota,340017
Iris_Three_hundred_and_ninety-five,Slateblue-Chi,Cornsilk-Omega,209050
Montbretia_Four_hundred_and_thirty-three,Dodgerblue-Sigma,Saddlebrown-Beta,68016
Hydrangea_Four_hundred_and_fifty-three,Slateblue-Psi,Thistle-Nu,320051
Pittosporum_Two_hundred_and_eighteen,Darkslategrey-Mu,nowhere,306000
Wattle_Four_hundred_and_eleven,Sandybrown-Eta,nowhere,607000
Nerine_Three_hundred_and_sixty-eight,Antiquewhite-Omicron,Sandybrown-Phi,348049
Agapanthus_Four_hundred_and_ninety-one,Peru-Omicron,nowhere,318000
Sansevieria_Two_hundred_and_fifty,Darkkhaki-Rho,nowhere,617000
Phalaenopsis_Eighty-five,Mediumslateblue-Phi,Grey-Omega,52053
Chrysanthemum_Three_hundred,Blue-Alpha,Lightgoldenrodyellow-Zeta,333053
Cosmos_One_hundred_and_one,Beige-Alpha,nowhere,147000
Pittosporum_Three_hundred_and_twenty-eight,Antiquewhite-Mu,Lightsalmon-Beta,427050
Chrysanthemum_Four_hundred_and_sixty-five,Orangered-Beta,Midnightblue-Epsilon,31050
Astilbe_Two_hundred_and_fourteen,Palegreen-Zeta,nowhere,525000
Gyp_Two_hundred_and_ninety-four,Darkmagenta-Xi,Thistle-Eta,6100
Mimosa_Four_hundred_and_thirty-five,Lightcyan-Xi,nowhere,562000
Alstroemeria_Fifteen,Olive-Sigma,nowhere,71000
Banksia_Two_hundred_and_eighty-nine,Peru-Kappa,nowhere,490000
Myrsine_Two_hundred,Magenta-Beta,Mediumorchid-Epsilon,362101
Ginger_One_hundred_and_thirty-two,White-Psi,Black-Iota,37174
Anconitum_Twenty-one,Red-Gamma,nowhere,601000
Limonium_One_hundred_and_eighty-one,Royalblue-Tau,Dodgerblue-Tau,3096
Candytuft_Four_hundred_and_thirty-nine,Gold-Chi,nowhere,600000
Love-lies-bleeding_Three_hundred_and_thirty-two,Lavenderblush-Phi,Aquamarine-Eta,454051
Phalaenopsis_Three_hundred_and_fifty-two,Turquoise-Beta,Tomato-Kappa,495051
Cosmos_Seven,Cyan-Psi,Oldlace-Omicron,374098
Zantedeschia_One_hundred_and_ninety-six,Aquamarine-Rho,Darkred-Mu,581016
Stock_One_hundred_and_twelve,Darkolivegreen-Xi,Blanchedalmond-Epsilon,67051
Daffodil_One_hundred_and_fifty-five,Honeydew-Beta,nowhere,182000
Anconitum_Two_hundred_and_ninety-one,Beige-Nu,nowhere,606000
Paeonia_Four_hundred_and_eleven,Sienna-Eta,Limegreen-Iota,161017
Myrsine_Two_hundred,Moccasin-Eta,Mediumorchid-Epsilon,362098
Alstroemeria_Zero,Chocolate-Omicron,nowhere,317000
Cosmos_Three_hundred_and_seventy-five,Powderblue-Kappa,Wheat-Pi,40016
Godetia_One_hundred_and_two,Deepskyblue-Upsilon,nowhere,275000
Iris_One_hundred_and_forty-nine,Powderblue-Lamda,Goldenrod-Lamda,363052
Dahlia_Two_hundred_and_eight,Darkgray-Alpha,Green-Rho,136017
Statice_Two_hundred_and_thirty-two,Hotpink-Pi,Darkorange-Lamda,101016
Wolfsbane_Three_hundred_and_sixteen,Salmon-Iota,Mediumaquamarine-Beta,257016
Boronia_Twenty-eight,Olive-Beta,Gainsboro-Alpha,189016
Love-lies-bleeding_Three_hundred_and_thirty-two,Orangered-Chi,Lavenderblush-Phi,454048
Farewell-To-Spring_One_hundred_and_sixty-five,Ivory-Xi,nowhere,445000
Nigella_Three_hundred_and_thirty-six,Palegoldenrod-Omega,Green-Zeta,269016
Pitt_One_hundred_and_two,Wheat-Beta,Mediumslateblue-Delta,49051
Jonquil_Fifty,Lightgrey-Lamda,Gold-Delta,375052
Lilac_Three_hundred_and_fifteen,Deeppink-Epsilon,nowhere,506000
Freesia_One_hundred_and_ninety-one,Gold-Upsilon,nowhere,406000
Daffodil_Three_hundred_and_eighty-eight,Peru-Sigma,Lightgoldenrodyellow-Pi,331017
Memosa_Four_hundred_and_thirty-nine,Aquamarine-Iota,Cornsilk-Pi,366050
Heather_Sixty-four,Darkviolet-Tau,Crimson-Iota,391017
Craspedia_One_hundred_and_twelve,Sienna-Iota,Lavenderblush-Pi,15104
Hydrangea_Four_hundred_and_fifty-three,Lightblue-Mu,Thistle-Nu,320049
Anigozanthus_One_hundred_and_sixty-one,Mediumvioletred-Xi,Mediumorchid-Alpha,249051
Gardenia_One_hundred_and_nineteen,Seagreen-Upsilon,Dimgrey-Psi,315017
Gerbera_Sixty-six,Ghostwhite-Omicron,Sandybrown-Iota,20179
Salix_Forty,Rosybrown-Alpha,Lightsalmon-Zeta,53051
Dendrobium_Four_hundred_and_fifty-three,Aqua-Alpha,nowhere,368000
Stenamezon_Two_hundred_and_forty,Orange-Upsilon,Palevioletred-Phi,159016
Craspedia_One_hundred_and_twelve,Lavenderblush-Pi,Aquamarine-Iota,15106
Hydrangea_Four_hundred_and_fifty-three,Thistle-Nu,Slateblue-Psi,320053
Clarkia_Two_hundred_and_eighty-nine,Mediumseagreen-Omega,Pink-Rho,472016
Ranunculus_Four_hundred_and_eighty-seven,Teal-Zeta,Blue-Alpha,98053
Bupleurum_Two_hundred_and_sixty-six,Darkturquoise-Theta,Forestgreen-Alpha,135016
Liatris_Two_hundred_and_ninety-three,Mediumaquamarine-Eta,nowhere,138000
Tailflowers_Four_hundred_and_sixty-one,Ghostwhite-Tau,Seagreen-Tau,576017
Lisianthus_Four_hundred_and_ninety-nine,Darksalmon-Beta,Oldlace-Omicron,126165
Solidago_One_hundred_and_ninety-one,Goldenrod-Iota,Floralwhite-Omega,494017
Cosmos_Seven,Powderblue-Lamda,Ghostwhite-Omega,374100
Thouroughwax_Two_hundred_and_eight,Yellowgreen-Theta,nowhere,578000
Lisianthus_Two_hundred_and_thirty-six,Blanchedalmond-Rho,Burlywood-Zeta,321053
Peony_Thirty-five,Ghostwhite-Xi,nowhere,397000
Clarkia_Two_hundred_and_eighty-nine,Pink-Rho,Mediumseagreen-Omega,472017
Heath_Three_hundred,Tomato-Zeta,nowhere,191000
Sansevieria_Three_hundred_and_forty-three,Floralwhite-Omega,nowhere,505000
Wattle_Four_hundred_and_seventy,Royalblue-Gamma,Seashell-Mu,221096
Tailflowers_Ninety-six,Gainsboro-Gamma,Lightslategray-Psi,55052
Iris_One_hundred_and_forty-nine,Goldenrod-Lamda,Slategrey-Tau,363048
Strawflower_Two_hundred_and_thirty-five,Navajowhite-Zeta,nowhere,513000
Ginger_One_hundred_and_thirty-two,Black-Iota,Fuchsia-Gamma,37171
Lisianthus_Forty-two,Orangered-Epsilon,Red-Alpha,109051
Achillea_Eighty-two,Greenyellow-Upsilon,Gainsboro-Alpha,158048
Pittosporum_Ten,Snow-Zeta,nowhere,549000
Stephanotis_One_hundred_and_twenty-six,Green-Rho,Honeydew-Delta,19052
Pittosporum_Three_hundred_and_twenty-eight,Lightsalmon-Beta,Cyan-Upsilon,427049
Porium_Eighty-nine,Lightblue-Beta,Navy-Zeta,498016
Ranunculus_Two_hundred_and_fifteen,Thistle-Omega,Springgreen-Xi,440017
Cymbidium_Four_hundred_and_sixty-two,Aqua-Omega,Mediumvioletred-Eta,48050
Mimosa_Two_hundred_and_nineteen,Navajowhite-Epsilon,nowhere,471000
Bouvardia_One_hundred_and_twenty-seven,Aquamarine-Psi,Turquoise-Mu,280051
Phalaenopsis_Two_hundred_and_fifty-six,Darkgreen-Epsilon,Lightslategray-Psi,484016
Lisianthus_Four_hundred_and_ninety-nine,Crimson-Zeta,Darksalmon-Beta,126177
Tracelium_Four_hundred_and_sixty-five,Paleturquoise-Eta,Blue-Alpha,489051
Heather_Two_hundred_and_nine,Darkseagreen-Zeta,nowhere,343000
Lavandula_Three_hundred_and_fifty-four,Palevioletred-Iota,Thistle-Epsilon,213017
Celosia_Three_hundred_and_six,Indianred-Epsilon,nowhere,582000
Cymbidium_Four_hundred_and_sixty-two,Darkgoldenrod-Chi,Mediumvioletred-Eta,48052
Gerbera_Sixty-six,Bisque-Mu,Burlywood-Epsilon,20165
Heath_Four_hundred_and_seventy-seven,Darkgray-Phi,Yellowgreen-Omega,474016
Chrysanthemum_Three_hundred,Lightgoldenrodyellow-Zeta,Darkturquoise-Theta,333050
Freesia_Four_hundred_and_eighty-six,Darkseagreen-Eta,Gainsboro-Nu,418053
Windflower_Three,Darkred-Phi,nowhere,357000
Paeonia_Three_hundred_and_thirty-three,Indigo-Zeta,Midnightblue-Rho,92052
Narcissus_One_hundred_and_ninety-one,Lightgoldenrodyellow-Alpha,nowhere,314000
Heather_Two_hundred_and_thirty,Darkcyan-Lamda,Darkolivegreen-Rho,260048
Campanula_Two_hundred_and_twelve,Saddlebrown-Pi,Rebeccapurple-Sigma,299049
Lavender_Three_hundred_and_eighty-six,Forestgreen-Sigma,Dimgray-Tau,310016
Gardenia_Two_hundred_and_ninety-eight,Firebrick-Pi,nowhere,619000
Iris_Three_hundred_and_ninety-five,Slateblue-Chi,Cyan-Pi,209051
Craspedia_One_hundred_and_eighty,Navajowhite-Rho,Darkorange-Theta,351051
Cymbidium_Four_hundred_and_sixty-two,Aqua-Omega,Darkgoldenrod-Chi,48051
Celosia_Ten,Lime-Iota,nowhere,552000
Scabiosa_One_hundred_and_seven,Lightskyblue-Omega,Fuchsia-Lamda,132050
Myrsine_One_hundred_and_twenty-six,Lemonchiffon-Chi,Slategrey-Xi,145049
Limonium_One_hundred_and_eighty-one,Dodgerblue-Tau,Mediumorchid-Alpha,3100
Gerbera_Sixty-six,Sandybrown-Iota,Burlywood-Epsilon,20174
Hydrangea_Four_hundred_and_fifty-three,Slateblue-Psi,Lightblue-Mu,320050
Banksia_Four_hundred_and_eighty-seven,Fuchsia-Nu,Chartreuse-Delta,141017
Gerbera_Sixty-six,Sandybrown-Iota,Bisque-Mu,20173
Daffodil_Three_hundred_and_eighty-eight,Lightgoldenrodyellow-Pi,Peru-Sigma,331016
Stenamezon_Twenty-two,Darkslategray-Sigma,nowhere,546000
Lisianthus_One_hundred_and_ten,Yellowgreen-Omicron,Mediumvioletred-Upsilon,301016
Montbretia_Two_hundred_and_five,Silver-Lamda,Darkturquoise-Beta,455052
Myrsine_Two_hundred_and_eighty,Salmon-Iota,Peru-Eta,184051
Lisianthus_Four_hundred_and_ninety-nine,Crimson-Zeta,Red-Lamda,126176
Ranunculus_Three_hundred_and_seventy,Mistyrose-Rho,Lightsteelblue-Mu,1052
Bellflower_Two_hundred_and_eighty-four,Gold-Gamma,Honeydew-Pi,171049
Tailflowers_Ninety-six,Gainsboro-Gamma,Steelblue-Kappa,55053
Iris_One_hundred_and_ninety-two,Papayawhip-Kappa,Lawngreen-Upsilon,402016
Jonquil_One_hundred_and_twenty-four,Darkgoldenrod-Chi,Lightsteelblue-Mu,78017
Phalaenopsis_Fifty-four,Orange-Psi,Magenta-Pi,156172
Porium_Eighty-nine,Navy-Zeta,Lightblue-Beta,498017
Heath_One_hundred_and_seventy-five,Blue-Zeta,Gold-Nu,380017
Cymbidium_One_hundred_and_ninety-two,Ivory-Gamma,Mediumturquoise-Rho,376017
Myrsine_Two_hundred,Wheat-Rho,Magenta-Beta,362103
Clarkia_Forty-one,Orangered-Epsilon,nowhere,144000
Cosmos_Seven,Ghostwhite-Omega,Oldlace-Omicron,374104
Narcissus_Four_hundred_and_eighteen,Snow-Chi,Lightgray-Iota,429016
Ornithogalum_Three_hundred_and_seventy-seven,Chocolate-Omicron,Lawngreen-Delta,14017
Paeonia_Three_hundred_and_thirty-three,Midnightblue-Rho,Gainsboro-Omega,92048
Monkshood_Three_hundred_and_ten,Thistle-Beta,nowhere,286000
Pittosporum_Three_hundred_and_twenty-eight,Lightsalmon-Beta,Antiquewhite-Mu,427048
Gardenia_Four_hundred_and_sixty-one,Steelblue-Kappa,Royalblue-Gamma,233052
Chamelaucium_Eighty-seven,Mediumslateblue-Chi,Orchid-Pi,122050
Banksia_Four_hundred_and_eighty-seven,Chartreuse-Delta,Fuchsia-Nu,141016
Porium_One_hundred_and_forty-six,Beige-Beta,nowhere,630000
Chamelaucium_Eighty-seven,Mediumslateblue-Chi,Ivory-Omega,122051
Cosmos_One,Springgreen-Omicron,Pink-Psi,87017
Saxicola_One_hundred_and_ten,Azure-Pi,Lightgray-Delta,222052
Jonquil_Three_hundred_and_seventy,Tomato-Omega,Rosybrown-Alpha,45016
Safflower_Two_hundred_and_fifty-six,Mediumspringgreen-Beta,Mediumaquamarine-Epsilon,142017
Candytuft_Twenty-nine,Cyan-Zeta,Darkslategray-Xi,334017
Gardenia_Four_hundred_and_sixty-one,Royalblue-Gamma,Green-Tau,233048
Stenamezon_Sixty-five,Darkorange-Lamda,nowhere,526000
Myrsine_One_hundred_and_twenty-nine,Palevioletred-Phi,nowhere,246000
Musa_Four_hundred_and_three,Lightcyan-Upsilon,nowhere,193000
Adam's-needle_Four_hundred_and_seventeen,Chartreuse-Alpha,nowhere,123000
Hippeastrum_Seventy-two,Darksalmon-Zeta,nowhere,604000
Myrsine_Two_hundred_and_eighty,Peru-Eta,Salmon-Iota,184053
Cornflower_One_hundred_and_thirty-four,Crimson-Iota,Lightcoral-Delta,340016
Lily_Nineteen,Oldlace-Psi,nowhere,308000
Paeonia_Two_hundred_and_thirty-one,Navy-Beta,Brown-Nu,83049
Jonquil_Fifty,Palegoldenrod-Eta,Gold-Delta,375050
Wattle_Three_hundred_and_ninety-two,Aquamarine-Delta,Lightgrey-Gamma,219099
Philodendron_Two_hundred_and_eighty-six,Gold-Theta,Plum-Kappa,27016
Broom_Three_hundred_and_sixty-nine,Darkseagreen-Mu,Darkgrey-Xi,106097
Narcissus_Four_hundred_and_fourteen,Chartreuse-Omicron,nowhere,350000
Sansevieria_Three_hundred_and_seventy-four,Green-Nu,Ghostwhite-Omicron,188049
Campanula_Two_hundred_and_twelve,Oldlace-Phi,Saddlebrown-Pi,299050
Convallaria_One_hundred_and_sixty-one,Darkorange-Pi,Darkturquoise-Tau,245016
Drumstick_Three_hundred_and_thirty-nine,Blanchedalmond-Epsilon,nowhere,481000
Craspedia_One_hundred_and_twelve,Lightblue-Zeta,Aquamarine-Iota,15096
Mimosa_Three_hundred_and_twenty-one,Darkolivegreen-Omega,Darkcyan-Omicron,214052
Ginger_One_hundred_and_thirty-two,Fuchsia-Gamma,Floralwhite-Theta,37177
Bouvardia_Three_hundred_and_twenty-two,Honeydew-Pi,Mediumpurple-Iota,169017
Jonquil_Fifty,Palegoldenrod-Eta,Lightgrey-Lamda,375051
Knapweed_Three_hundred_and_thirty-nine,Crimson-Lamda,nowhere,479000
Alstroemeria_Four_hundred_and_fifty-six,Brown-Psi,nowhere,339000
Liatris_One_hundred_and_ninety,Mediumpurple-Gamma,nowhere,232000
Memosa_Four_hundred_and_thirty-nine,Cornsilk-Pi,Aquamarine-Iota,366048
Cornflower_One_hundred_and_sixty-six,Darksalmon-Nu,nowhere,572000
Daffodil_Three,Yellowgreen-Xi,nowhere,554000
Anemone_Two_hundred_and_nine,Pink-Gamma,Ghostwhite-Zeta,256048
Tailflowers_Seventy-one,Royalblue-Delta,Darkgrey-Alpha,207017
Hydrangea_Four_hundred_and_fifty-three,Thistle-Nu,Lightblue-Mu,320052
Lily_Three_hundred_and_ninety-one,Lightsalmon-Epsilon,Lightgreen-Rho,99053
Gerbera_Sixty-six,Seashell-Zeta,Ghostwhite-Omicron,20163
Ginger_One_hundred_and_thirty-two,Floralwhite-Theta,Lightpink-Upsilon,37164
Asparagus_Three_hundred_and_ninety-one,Lightsteelblue-Lamda,Floralwhite-Eta,349017
Chrysanthemum_Three_hundred,Darkturquoise-Theta,Blue-Alpha,333049
Daffodil_One_hundred_and_ninety-two,Palegreen-Nu,nowhere,225000
Gerbera_Sixty-six,Seashell-Zeta,Sandybrown-Iota,20162
Asparagus_Three_hundred_and_ninety-one,Floralwhite-Eta,Lightsteelblue-Lamda,349016
Myrtle_Two_hundred_and_one,Lightblue-Lamda,Springgreen-Kappa,347017
Zantedeschia_Four_hundred_and_forty-three,Darkslategrey-Kappa,Olive-Nu,354016
Wattle_Three_hundred_and_ninety-two,Powderblue-Kappa,Lightgrey-Gamma,219102
Sunflower_One_hundred_and_thirty-four,Gold-Gamma,Mediumorchid-Omicron,66053
Carnation_Four_hundred_and_forty,Mediumpurple-Gamma,Palevioletred-Phi,105017
Sunflower_Six,Dodgerblue-Epsilon,nowhere,493000
Lisianthus_Four_hundred_and_ninety-nine,Red-Lamda,Oldlace-Omicron,126161
Tailflowers_Seventy-one,Darkgrey-Alpha,Royalblue-Delta,207016
Achillea_Four_hundred_and_sixty-seven,Salmon-Tau,Lightblue-Zeta,281016
Heather_Three_hundred_and_eighty-four,Sandybrown-Tau,Ivory-Xi,65049
Schinus_Three_hundred_and_three,Darkblue-Mu,Darksalmon-Nu,587017
Buddleia_Two_hundred_and_forty-one,Plum-Zeta,nowhere,423000
Phalaenopsis_Fifty-four,Orange-Psi,Silver-Sigma,156175
Chamelaucium_One_hundred_and_eighty-six,Darkolivegreen-Rho,Darkred-Phi,43017
Ranunculus_Eighty-nine,Greenyellow-Rho,nowhere,76000
Bellflower_One_hundred_and_sixty-two,Green-Mu,Mediumorchid-Gamma,89049
Heather_Four_hundred_and_two,Honeydew-Delta,Gold-Upsilon,476016
Astilbe_One_hundred_and_eighty-two,Ivory-Xi,nowhere,419000
Sansevieria_Three_hundred_and_fifty-two,Lightskyblue-Epsilon,nowhere,432000
Wattle_Two_hundred_and_ninety-eight,Lightgray-Iota,Burlywood-Theta,283017
Wolfsbane_Two_hundred_and_thirty-four,Mediumaquamarine-Beta,Silver-Sigma,153050
Lisianthus_Four_hundred_and_ninety-nine,Crimson-Zeta,Lightsteelblue-Theta,126179
Iris_One_hundred_and_forty-nine,Slategrey-Tau,Goldenrod-Lamda,363050
Paeonia_Four_hundred_and_eleven,Limegreen-Iota,Sienna-Eta,161016
Iris_Three_hundred_and_ninety-five,Cyan-Pi,Cornsilk-Omega,209052
Myrsine_Two_hundred_and_eighty,Darkturquoise-Beta,Peru-Eta,184049
Limonium_One_hundred_and_twenty-three,Brown-Omega,Navy-Lamda,125050
Agapanthus_Two_hundred_and_fourteen,Rebeccapurple-Sigma,Moccasin-Eta,74016
Lavandula_One_hundred_and_ninety-one,Darkmagenta-Omicron,Darkslategray-Xi,34017
Throatwort_Three_hundred_and_thirty-four,Darkgrey-Eta,Mintcream-Beta,509016
Ginger_Forty-seven,Lemonchiffon-Chi,Maroon-Phi,329052
Wolfsbane_Three_hundred_and_fifty-seven,Springgreen-Omicron,Lightsalmon-Omicron,12017
Ornithogalum_One_hundred_and_sixty-five,Tan-Chi,Lightseagreen-Delta,69050
Bouvardia_Sixty-seven,Sandybrown-Iota,Antiquewhite-Rho,434017
Broom_Three_hundred_and_sixty-nine,Seashell-Psi,Lightpink-Psi,106106
Carnation_Four_hundred_and_forty,Palevioletred-Phi,Mediumpurple-Gamma,105016
Tailflowers_Nine,Rosybrown-Eta,nowhere,547000
Bouvardia_One_hundred_and_twenty-seven,Turquoise-Mu,Deeppink-Tau,280052
Phalaenopsis_Eighty-five,Cyan-Mu,Grey-Omega,52048
Porium_Four_hundred_and_fifty-eight,Seashell-Mu,nowhere,551000
Chrysanthemum_Four_hundred_and_sixty-five,Midnightblue-Epsilon,Teal-Beta,31049
Myrsine_One_hundred_and_twenty-six,Slategrey-Xi,Lemonchiffon-Chi,145052
Nephrolepis_Four_hundred_and_sixty-eight,Darkblue-Zeta,nowhere,534000
Drumstick_Four_hundred_and_eighty-five,Cornflowerblue-Lamda,Mediumspringgreen-Iota,398017
Asparagus_One_hundred_and_sixty-six,Olive-Nu,nowhere,129000
Cymbidium_One_hundred_and_twenty-two,Darkslateblue-Iota,Dimgray-Phi,137049
Phalaenopsis_Fifty-four,Moccasin-Kappa,Magenta-Pi,156164
Boronia_Four_hundred_and_fifty-six,Ghostwhite-Omicron,nowhere,16000
Candytuft_Sixty-seven,Snow-Gamma,Lemonchiffon-Psi,93016
Wattle_Three_hundred_and_sixty-two,Greenyellow-Rho,Darkblue-Pi,465017
Melaleuca_Three_hundred_and_seventeen,Dodgerblue-Gamma,Snow-Chi,41051
Dahlia_Two_hundred_and_thirty-one,Mediumseagreen-Zeta,Khaki-Alpha,379016
Bellflower_Two_hundred_and_eighty-four,Honeydew-Pi,Gold-Gamma,171052
Ornithogalum_Two_hundred_and_eighty-four,Lightgoldenrodyellow-Kappa,Lightyellow-Omega,298049
Amaryllis_Seventy-five,Indianred-Mu,nowhere,237000
Ranunculus_One_hundred_and_seventy-one,Olive-Chi,Burlywood-Omicron,497048
Farewell-To-Spring_Four_hundred_and_eight,Cadetblue-Omega,White-Iota,385050
Narcissus_Three_hundred_and_twenty-five,Darkorchid-Alpha,Mediumblue-Upsilon,212051
Waxflower_Sixty-seven,Magenta-Theta,nowhere,100000
Iris_One_hundred_and_twenty-seven,Aliceblue-Kappa,Forestgreen-Alpha,223052
Anthurium_Two_hundred_and_thirteen,Salmon-Iota,Greenyellow-Rho,504017
Snapdragon_One_hundred_and_three,Powderblue-Phi,Mediumblue-Tau,195016
Limonium_Three_hundred_and_twenty-two,Orchid-Pi,Goldenrod-Iota,247016
Broom_Three_hundred_and_sixty-nine,Lightpink-Psi,Darkgrey-Xi,106100
Craspedia_One_hundred_and_twelve,Aquamarine-Iota,Lavenderblush-Pi,15101
Mimosa_Three_hundred_and_twenty-one,Honeydew-Beta,Darkolivegreen-Omega,214051
Nerine_Four_hundred_and_seventy-seven,Orange-Beta,Darkcyan-Zeta,296016
Rattlesnake_One_hundred_and_eighty-three,Green-Beta,nowhere,608000
Buddleia_Seventy-three,Honeydew-Pi,nowhere,148000
Gerbera_One_hundred_and_ninety-three,Salmon-Zeta,nowhere,464000
Wattle_Four_hundred_and_forty,Bisque-Sigma,Seashell-Zeta,140016
Dahlia_One_hundred_and_eleven,Green-Zeta,nowhere,345000
Iris_One_hundred_and_twenty-seven,Forestgreen-Alpha,Palevioletred-Omicron,223048
Knapweed_Two_hundred_and_ninety-seven,Azure-Beta,Mediumvioletred-Upsilon,177016
Ginger_One_hundred_and_thirty-two,White-Psi,Fuchsia-Gamma,37175
Throatwort_Eight,Mediumorchid-Omega,Lightblue-Xi,18016
Chamelaucium_Eighty-seven,Orchid-Pi,Ivory-Omega,122049
Ranunculus_One_hundred_and_seventy-one,Burlywood-Omicron,Olive-Chi,497050
Porium_One_hundred_and_eighty,Springgreen-Kappa,nowhere,113000
Rattlesnake_Two_hundred_and_ninety-nine,Slategray-Sigma,Lavenderblush-Iota,127016
Myrsine_Three_hundred_and_two,Lightpink-Alpha,nowhere,550000
Nerine_Two,Cornflowerblue-Theta,Yellow-Rho,291017
Wattle_Three_hundred_and_ninety-two,Powderblue-Kappa,Khaki-Chi,219104
Lisianthus_Four_hundred_and_ninety-nine,Red-Lamda,Lightsteelblue-Theta,126162
Broom_Three_hundred_and_sixty-nine,Darkgrey-Xi,Seashell-Psi,106104
Melaleuca_Three_hundred_and_seventeen,Dodgerblue-Gamma,Sandybrown-Eta,41050
Sunflower_One_hundred_and_thirty-four,Lightcoral-Pi,Mediumorchid-Omicron,66048
Cornflower_Four_hundred_and_two,Darkviolet-Iota,nowhere,405000
Ginger_Forty-seven,Burlywood-Omicron,Lemonchiffon-Chi,329051
Phalaenopsis_Three_hundred_and_fifty-two,Tomato-Kappa,Mintcream-Alpha,495052
Wattle_Four_hundred_and_forty,Seashell-Zeta,Bisque-Sigma,140017
Broom_Four_hundred_and_thirty-five,Tan-Gamma,Aquamarine-Delta,586017
Farewell-To-Spring_One_hundred_and_thirty-five,Teal-Rho,nowhere,441000
Gerbera_Sixty-six,Ghostwhite-Omicron,Burlywood-Epsilon,20178
Mimosa_One_hundred_and_two,Mediumblue-Theta,nowhere,215000
Waxflower_Three_hundred_and_eighty-two,Turquoise-Delta,nowhere,60000
Scabiosa_One_hundred_and_seven,Fuchsia-Lamda,Rebeccapurple-Epsilon,132049
Montbretia_One_hundred_and_sixty,Pink-Omega,nowhere,565000
Sansevieria_Three_hundred_and_seventy-four,Deepskyblue-Sigma,Green-Nu,188050
Tailflowers_Ninety-six,Lightslategray-Psi,Gainsboro-Gamma,55049
Stock_One_hundred_and_twelve,Blanchedalmond-Beta,Blanchedalmond-Epsilon,67049
Lisianthus_Forty-two,Red-Alpha,Navy-Sigma,109052
Ginger_One_hundred_and_thirty-two,Lightpink-Upsilon,Black-Iota,37161
Myrtus_One_hundred_and_fifty-four,Lavenderblush-Nu,Turquoise-Mu,112017
Bellflower_One_hundred_and_sixty-two,Mediumorchid-Gamma,Green-Mu,89052
Acacia_Three_hundred_and_seven,Dimgray-Phi,nowhere,487000
Melaleuca_Three_hundred_and_ninety-nine,Mediumslateblue-Chi,Azure-Beta,319016
Godetia_Two_hundred_and_eighty-six,Cadetblue-Sigma,Maroon-Tau,54017
Phalaenopsis_Fifty-four,Silver-Sigma,Orange-Psi,156179
Craspedia_One_hundred_and_twelve,Lavenderblush-Pi,Lightblue-Zeta,15105
Limonium_One_hundred_and_twenty-three,Navy-Lamda,Brown-Omega,125048
Montbretia_Two_hundred_and_five,Salmon-Eta,Darkturquoise-Beta,455050
Sansevieria_Four_hundred_and_thirty-one,Saddlebrown-Chi,Pink-Gamma,485016
Narcissus_Forty-five,Lightyellow-Psi,Darkorange-Pi,206100
Waxflower_Two_hundred_and_twenty-five,Springgreen-Lamda,Springgreen-Kappa,408049
Myrsine_One_hundred_and_twenty-six,Mediumorchid-Omega,Lemonchiffon-Chi,145050
Zinna_One_hundred_and_eight,Lightcyan-Psi,Pink-Delta,17016
Anemone_Two_hundred_and_nine,Linen-Nu,Pink-Gamma,256052
Ginger_One_hundred_and_thirty-two,Floralwhite-Theta,Fuchsia-Gamma,37167
Wattle_Fifty-four,Lightsalmon-Phi,nowhere,510000
Philodendron_Four_hundred_and_thirteen,Lightcoral-Delta,nowhere,373000
Narcissus_Forty-five,Darkorange-Pi,Darkseagreen-Nu,206102
Ranunculus_Four_hundred_and_eighty-seven,Blue-Alpha,Teal-Zeta,98051
Lavender_Three_hundred_and_ninety-six,Palegoldenrod-Nu,Tomato-Pi,35016
Broom_Three_hundred_and_thirteen,Mediumseagreen-Alpha,Darkseagreen-Zeta,268016
Iris_One_hundred_and_twenty-seven,Palevioletred-Omicron,Forestgreen-Alpha,223050
Freesia_Forty-one,Wheat-Alpha,Crimson-Alpha,166016
Alstroemeria_Forty-one,Hotpink-Upsilon,nowhere,536000
Scabiosa_Two_hundred_and_forty-one,Firebrick-Psi,Crimson-Chi,181016
Cymbidium_One_hundred_and_eighty,Orchid-Eta,nowhere,276000
Myrsine_Two_hundred,Wheat-Rho,Moccasin-Eta,362102
Achillea_Seventy-one,Darkgrey-Xi,Cadetblue-Xi,243016
Ornithogalum_Two_hundred_and_eighty-four,Lightgoldenrodyellow-Kappa,Ghostwhite-Xi,298048
Monkshood_Two_hundred_and_sixty-two,Purple-Chi,nowhere,433000
Rattlesnake_Three_hundred_and_twenty-four,Darkorange-Theta,nowhere,477000
Phalaenopsis_Eighty-five,Mediumslateblue-Phi,Cyan-Mu,52052
Paeonia_Two_hundred_and_thirty-one,Darksalmon-Beta,Navy-Beta,83050
Alpina_Four_hundred_and_twenty-three,Mediumslateblue-Delta,Sandybrown-Omega,511016
Sansevieria_Four_hundred_and_twenty-one,Chocolate-Eta,nowhere,448000
Narcissus_Forty-five,Darkseagreen-Nu,Darkorange-Pi,206097
Chrysanthemum_Four_hundred_and_sixty-five,Midnightblue-Epsilon,Orangered-Beta,31048
Gyp_Two_hundred_and_ninety-four,Maroon-Tau,Darkmagenta-Xi,6096
Myrsine_Two_hundred_and_eighty,Peru-Eta,Darkturquoise-Beta,184052
Myrtus_One_hundred_and_fifty-four,Turquoise-Mu,Lavenderblush-Nu,112016
Chamelaucium_Two_hundred_and_ten,Lavender-Chi,nowhere,59000
Cornflower_Four_hundred_and_thirty-six,Lightgray-Beta,nowhere,200000
Waxflower_Two_hundred_and_twenty-five,Mediumvioletred-Upsilon,Springgreen-Lamda,408050
Candytuft_Two_hundred_and_twenty-four,Fuchsia-Gamma,nowhere,178000
Iris_Three_hundred_and_ninety-five,Cornsilk-Omega,Slateblue-Chi,209048
Memosa_Thirty-six,Beige-Beta,nowhere,584000
Paeonia_Two_hundred_and_thirty-one,Darksalmon-Beta,Brown-Nu,83051
Melaleuca_One_hundred_and_fifty-one,Lawngreen-Theta,nowhere,341000
Lisianthus_Four_hundred_and_ninety-nine,Oldlace-Omicron,Lightsteelblue-Theta,126170
Freesia_Four_hundred_and_eighty-six,White-Pi,Darkseagreen-Eta,418049
Pittosporum_Fourteen,Darkgoldenrod-Theta,Yellowgreen-Rho,290016
Tailflowers_Four_hundred_and_forty,Silver-Sigma,nowhere,251000
Candytuft_Four_hundred_and_ninety-five,Mediumpurple-Iota,Salmon-Eta,58050
Ornithogalum_Two_hundred_and_eighty-four,Lightyellow-Omega,Lightgoldenrodyellow-Kappa,298052
Salix_Forty,Lightsalmon-Zeta,Olive-Xi,53052
Paeonia_Two_hundred_and_thirty-one,Brown-Nu,Navy-Beta,83052
Wattle_Four_hundred_and_seventy,Seashell-Mu,Royalblue-Gamma,221099
Memosa_Eighty-seven,Antiquewhite-Sigma,nowhere,620000
Myrtle_Two_hundred_and_one,Springgreen-Kappa,Lightblue-Lamda,347016
Statice_Three_hundred_and_seventy-nine,Darkslategray-Sigma,nowhere,475000
Sansevieria_Seventy,Antiquewhite-Xi,nowhere,352000
Tulipa_Two_hundred_and_forty-three,Black-Iota,Purple-Zeta,265017
Cosmos_Seven,Ghostwhite-Omega,Powderblue-Lamda,374103
Ranunculus_Three_hundred_and_seventy,Sienna-Upsilon,Lightsteelblue-Mu,1050
Ginger_One_hundred_and_thirty-two,Black-Iota,White-Psi,37170
Nephrolepis_Two_hundred_and_sixteen,Dimgray-Phi,nowhere,264000
Wolfsbane_Two_hundred_and_thirty-four,Greenyellow-Theta,Silver-Sigma,153052
Convallaria_Four_hundred_and_twelve,Darksalmon-Mu,nowhere,97000
Larkspur_Three_hundred_and_six,Darksalmon-Nu,Navajowhite-Zeta,32016
Lavender_Three_hundred_and_fifty-eight,Gainsboro-Mu,Hotpink-Theta,168017
Wattle_Four_hundred_and_seventy,Palegoldenrod-Gamma,Orange-Theta,221107
Heath_One_hundred_and_seventy-five,Gold-Nu,Blue-Zeta,380016
Bouvardia_Two_hundred_and_five,Lightyellow-Phi,nowhere,616000
Daffodil_Two_hundred_and_fifty-nine,Whitesmoke-Pi,Ghostwhite-Omega,403050
Lisianthus_Four_hundred_and_ninety-nine,Lightsteelblue-Theta,Oldlace-Omicron,126174
Montbretia_Three_hundred_and_fifty,Magenta-Psi,nowhere,42000
Wolfsbane_Three_hundred_and_eleven,Lightcoral-Pi,Fuchsia-Lamda,437052
Myrsine_Two_hundred,Mediumorchid-Epsilon,Moccasin-Eta,362105
Narcissus_Three_hundred_and_seventy-nine,Antiquewhite-Epsilon,Plum-Omicron,259052
Myrsine_Two_hundred_and_eighty,Salmon-Iota,Darkturquoise-Beta,184050
Phalaenopsis_Fifty-four,Orange-Psi,Moccasin-Kappa,156173
Ranunculus_Three_hundred_and_seventy,Mistyrose-Rho,Sienna-Upsilon,1053
Dendrobium_Eighty-three,Green-Mu,Darkslategray-Upsilon,522017
Salix_Three_hundred_and_twenty-five,Silver-Phi,nowhere,611000
Farewell-To-Spring_Four_hundred_and_eight,Cadetblue-Omega,Powderblue-Lamda,385051
Ornithogalum_Three_hundred,Dimgray-Xi,nowhere,518000
Tailflowers_One_hundred_and_forty-three,Darkturquoise-Theta,nowhere,263000
Myrtus_One_hundred_and_sixty-five,Red-Pi,Oldlace-Omicron,575017
Anthurium_Two_hundred_and_thirteen,Greenyellow-Rho,Salmon-Iota,504016
